13
9
11
7
18
0
4
5
6
15
8
14
19
10
16
1
3
17
12
2
7
6
5
11
2
10
3
7
3
7
5
5
10
6
7
13
9
7
15
6
7
5
6
7
7
5
5
1
11
5
7
7
3
6
2
7
6
7
6
11
3
7
5
6
7
7
6
6
7
7
7
7
7
7
5
7
7
6
7
7
7
7
5
7
7
7
7
7
7
7
7
5
7
6
7
7
11
7
6
7
7
7
11
7
7
7
7
6
6
5
6
5
7
7
7
7
6
7
6
6
7
7
7
5
7
11
7
3
5
7
7
7
7
6
5
7
3
6
5
7
7
7
7
7
10
7
6
5
6
7
7
7
6
5
5
7
7
7
7
5
7
6
7
7
7
7
7
7
5
7
7
7
7
6
6
7
7
6
7
5
6
7
7
7
7
6
7
6
7
6
7
7
7
7
3
6
7
7
7
7
7
7
6
5
7
5
7
7
5
5
7
6
6
7
5
7
7
7
7
6
7
5
6
7
7
7
7
5
6
6
7
7
7
7
7
7
7
6
7
7
6
7
7
7
7
6
7
7
7
5
6
7
7
6
7
5
7
6
7
6
5
7
7
2
15
6
6
6
6
7
5
6
7
7
10
6
6
7
7
6
6
6
7
6
7
7
7
7
6
7
5
7
5
7
7
7
7
6
6
7
0
0
-697632120
1072004419
-1608474479
1071665224
1747213395
1071787561
-1070021008
1071407927
146300238
1072443047
1882090833
1066874536
-1943836849
1070707623
1201982211
1070753153
170084264
1070703572
-919979292
1071979889
-1012135638
1070990484
-773206324
1071966053
-176680944
1072433159
-1816571175
5
1320050723
1072115729
1076092097
1066528352
-492676388
1070673261
1773474513
1072335208
100064744
1072393972
1069071042
1071406433
548115486
1072024079
-2126779963
1071510754
807682780
1070735726
-1028810776
1072090099
-735116780
1068990729
24711956
1072466314
-1130079657
1071787307
304526318
1071864311
-131295772
7
1391974647
1072426107
-566584042
1069371018
1546873621
1068086666
-197803904
1072357439
-479955422
1071790864
-1749183053
1071565529
2120948475
1072008573
1168401377
1071788528
-1607683913
1072060507
1253919135
1072604367
120739182
1070148279
2130092739
1072386401
758150552
1070086860
1781975357
1071342750
-936277378
7
895521324
1071663382
-248965930
1069845098
-515918418
1070586582
-1071550892
1065400105
-1417754677
1072653285
-1708410401
1069931759
-826593400
1072535491
-243850140
1072402993
37057430
1069201867
1596944131
1071101825
136852144
1067719000
-1589978683
1072524514
523372538
1070138365
1253281447
1072285523
1547440917
7
1759803395
1071791105
-131894184
1066514987
1294595213
1071970886
1345773311
1069248383
221562630
1070228355
-928454156
1071936761
573148614
1071957731
849844186
1070844909
1596077413
1070668466
564717440
1071936448
-1363737557
1071350293
2141558379
1071827765
-403334848
1072352415
-289704106
1072544682
213217076
7
1882590283
1067124261
-1963344171
1072488298
161879334
1071843987
1832327619
1070304481
506240784
1072058248
-1615018397
1072587569
-601639922
1071766022
808167166
1072026495
-1205291329
1068784479
1899801307
1071535469
1731073867
1072106405
-139205462
1071247956
1018479454
1072325039
-1468890385
1072251255
1614661165
6
-2144714391
1068834996
1408529597
1072314974
1514014087
1069482691
1026359474
1071022169
950433164
1070807750
-240687532
1071887145
-341326902
1071899108
-696346658
1072647150
-935485474
1072615406
933627324
1070793438
-2131113217
1072489855
-113814590
1071360480
-340452432
1072336343
-1434478229
1072680117
-235829920
7
129488854
1071377387
1379058665
1071210996
842680238
1071457239
-617472976
1071189527
1034995864
1071146060
-1843392623
1069549512
-1783913383
1070977580
1327797063
1069697443
73762860
1071825942
79128334
1072411527
1377886149
1071673314
78735224
1072214972
-836114972
1070920433
-298151694
1071466616
354981120
6
1043248214
1070029355
-2111729687
1071695860
1450082891
1072120101
1869192873
1071959892
-935706758
1068310460
-369988688
1072248279
-1249949997
1072669545
-1271421609
1071370923
271683746
1065928785
-1908614325
1069444517
-459197188
1071684221
418742386
1072349241
997629042
1072385593
1378186055
1071823267
-953775558
1070810396
807791260
1068692814
397352066
1072139841
-266215318
1065414708
-1338269251
1070452958
2016204609
1068919712
-2115764807
1071775452
-55666400
1072123023
1576731645
1072529918
-702229450
1071802906
-1435896703
1071970880
12488330
1072645957
-1237454755
1071577134
-1841578059
1070456794
-1876353801
1069846139
-1203983929
1070486755
497308480
1071786400
1005431914
1072092725
73498494
1071693759
405638060
1071039958
1077381919
1067173263
-1255791733
1069748677
422846072
1071255356
759080212
1072648842
1194928339
1072469097
-1024954822
1071920924
-2042723527
1069498780
-1666636223
1071944480
1965590799
1070875783
455459252
1071833306
-928049388
1071090569
-681565864
1071648939
-416349104
1072136743
-1435630559
1072103952
-25376528
1072587895
1512300205
1068625750
-701364516
1072235373
1660626767
1072534439
-1154953631
1071933232
112572074
1071307605
832957144
1070789996
-1809508405
1070762981
-30311406
1071169032
710984114
1071669465
-382950546
1069961654
1107098677
1072594458
742101514
1069402373
-585004240
1070646679
-1812339143
1072493340
766088004
1071958434
331279488
1071609408
-1633018805
1071975973
926170180
1070210594
-1724385881
1071381203
-1364655761
1070891191
1455082207
1072522607
1051046794
1070782917
-684425424
1072316311
-1011216456
1072498651
-126251266
1072482174
283729100
1071951462
-1607485591
1065868212
1143653881
1070949116
-1096577799
1071761020
-1729956003
1071741870
342924700
1072189134
514242624
1071864864
-1905256217
1072172147
-488136114
1071894822
-1255568021
1070909109
1814151723
1069605141
414807648
1071430448
339615840
1068437552
-1897419977
1071895963
-182116946
1071812310
-1942330973
1069363409
438839304
1069814788
108337344
1072335968
858503558
1070980291
-1314171589
1070967453
145104016
1071844936
473699034
1068370285
-298423146
1072379466
136623510
1071798987
62342546
1071358665
-717517564
1072547457
-1348146057
1070757435
493084756
1071771690
237021406
1069569135
1881192553
1070619700
-1447819451
1071252386
-2139915139
1072283198
-1880205699
1072114494
1839608651
1071847845
-1338770541
1067056585
-214353852
1070373921
1898194325
1070731978
-547018196
1071813909
343584396
1072518982
-2001310113
1072379695
1458927591
1072348147
-685022828
1072017609
216266118
1071774403
-1683709737
1071796331
-1373124189
1070851281
-1071198970
1071867522
-734228404
1072580645
523282416
1070093304
1239453505
1071663008
765686164
1071757514
-2051709721
1072345715
-429061774
1072071864
-1817202173
1071110401
1122984023
1072148523
779508388
1072377170
-559065586
1072081670
1881753051
1068802797
-80912128
1069985919
-1469756935
1071817980
1927768473
1071887564
1101040217
1070613804
1193485291
1071747573
1613369379
1066731537
968198282
1071301701
-1934822887
1071020300
-885861038
1072261800
1479822359
1070212619
1512985715
1068968505
1824304401
1072584328
1283263519
1072596495
-1069715682
1064220558
-360715588
1072690525
-609476944
1070993239
464400076
1071060838
1621761211
1070927453
-666999656
1070543435
-416389738
1072116426
-1406791213
1068697833
-1892838157
1069992569
485896070
1072371651
-127197564
1072009025
1849618577
1072658504
-1683651153
1070777047
2141346171
1070673085
-1028446314
1072272330
1394928253
1071805758
463801214
1070761407
-1516102629
1070665229
-1842233723
1071177538
833827608
1071225228
-1187059907
1070560158
-352513318
1072597356
490045650
1072349289
-1686284203
1072606250
-404558854
1071740412
-1271589759
1070238272
-382902466
1072082846
1227253773
1069757446
-1003006306
1072409422
-198667900
1068779713
-1515141911
1072194164
-1129143463
1071206828
-1749093343
1071610384
2138660533
1072475994
-1397644119
1071174228
-332965826
1070836766
1734597299
1071770969
0
0
-1717986918
1068079513
-1659959812
1068167814
-602923873
1068265926
2028661024
1068375574
-931595563
1068498842
2085959485
1068568791
-1719818091
900615540
-589939333
900747538
-2037518401
900836609
617303049
900941861
-510190928
901068206
-823506143
901222624
-878532603
7
-834574628
901663789
-647592242
901884993
-1438774039
902116563
1271915249
902463873
164341535
902933239
1222783796
903511705
55565685
904558863
1697749754
914317427
-1142163670
915072063
-84786426
915861707
-2059500878
917391004
-1648746677
917859036
1607696114
918004732
1179719629
918262959
1394216130
7
2023398156
920702855
-515736337
920735881
1637264881
920769081
-2028036788
921184359
1631433117
921251212
1942211565
921260221
759430076
922238592
-79446550
922692251
-711684408
922981651
-1689564656
923329009
1915999488
923522556
-2079672168
924064264
661512772
924757608
1268063623
924923769
-1121073793
6
-2081134753
925099340
1502824753
925153840
-196786104
925198405
1625012885
925246329
44020172
925277059
397248249
925320513
563201935
925382218
2081773425
925396722
1784699381
925481033
365806784
925445064
-1954556681
925515755
-1720870729
925563461
-70341312
925662046
723666795
925639009
1385230937
5
644668849
925729843
-1976728787
925752842
-479942164
925802140
1421547070
925823036
1648989205
925867916
-725079820
925900476
250426498
925916627
1170787454
925868065
-1959970902
925832050
-2144403451
925931441
1801335078
925890560
504768546
925963521
-598422483
925949455
911703861
925969885
-39096112
7
-1465254349
925958471
-1375110613
925915262
-634533540
925924467
-181679575
925966826
207240078
925923673
-383456099
925933520
1151370344
925911780
2079540779
925919818
-1330472749
925958533
-818171835
925981499
-395194785
925991086
-492322804
925982462
428529916
925961610
790609575
925929780
-1324644026
3
72463435
925994850
-197112379
925946178
984821670
925927888
-1474780278
925904632
-75250353
925914660
1750009921
925931456
1147490564
925895072
-645173375
925924744
-2085626242
926014378
163810215
926029225
673391711
925947991
-1421894867
925922019
34423143
925911646
1967591469
925884504
-611229922
6
-504075683
925850800
1435708482
925900006
295424685
925857565
-11895243
925973114
-886318673
925929011
-668107002
925955957
1778465992
925964544
2122806020
925955354
79913232
925925220
1132291979
925913828
-2027984918
925858101
627569872
925948382
-306219946
925947101
820045792
925908254
-1685235793
5
1470757224
925898735
-1180704297
925901596
-88931699
925906753
611719121
925849371
1808373502
925899838
-1110934481
925842316
-747567437
925852476
-1687751897
925855146
2097388517
925856082
1032816429
925901934
1389024457
925905916
1239926445
925898990
-2093989080
925909250
-1727093899
925854255
-1456153344
7
-514420053
925923756
1526411414
925912943
2105839736
925930537
561487760
925881117
-714854097
925882544
-1116181171
925898837
1651078160
925899060
-96432863
925924435
12743989
925896253
-531508625
925858421
-1312631619
925918971
-1111678064
925952136
1518502301
925960013
1077217780
925973182
-1303577302
925995481
1692130630
925981624
-141589560
925957486
1189794584
925916379
1348583642
925872135
-1101758537
925912800
436774084
925941367
795504551
925928483
-1971497891
925934566
15595909
925932060
1390575794
925932442
-1271122522
925900008
482244417
925875227
548194500
925870343
-1719492773
925854393
282648249
925893422
-815968143
925893200
293644060
925937328
916269717
925967013
816297418
925927644
-65765691
925976905
1821561597
925956203
1919418360
925974722
-1134378942
925946055
-499592647
925923618
91617586
925912471
1125880883
925929362
592401069
925894487
737814314
925862565
-862274295
925897777
-736680210
925857175
-1469327158
925897622
1036559970
926010358
1765477364
926011987
1060577910
926002451
1027407682
925951688
990825799
925962989
-563659475
925925478
-658360583
926032363
1330296698
926008502
2015867698
926015764
-2093512301
926003336
705438139
925924466
281690962
925967236
-27829167
925989462
-605716115
925932786
521616409
926015279
1981787432
925992960
383132625
925995122
-849039788
925967635
408682503
925911669
-1360779946
925957350
-590024412
925937898
-1180964829
925914074
-1952802695
925936831
-2111582606
925999176
-1188394162
926053304
-868740473
926049068
913800909
925979011
-502786145
925998914
117545282
926070697
371726885
926000512
2058989439
925975607
905605375
925983996
1664819178
925988266
1515574731
926004105
-1349776908
925972073
1288109828
925999879
1508615821
925991853
1901309475
926000138
441587723
925940779
-2067671120
925908917
-908093638
926057540
-1077661339
926092102
-479293978
926049783
697074429
926033153
-1752555844
926036050
-774737657
926085721
-2095270331
926005003
1101169216
925971716
146556172
925951632
1738830454
925946120
1774282671
925906418
-548784852
925877295
1412685511
925855080
-1861589480
925843555
-615273975
925807275
-432564377
925899581
-53486646
925838559
2010108492
925804790
-1270064760
925883679
1377491295
925878960
-385928280
925916640
-1823645376
925853336
-2135093324
925919895
-1967639236
925897582
2016419819
925877690
-803620131
925966539
1899548160
925971355
-865358667
925950957
-1511320311
925929477
1139916209
925919144
1856166492
925883969
-1687940461
925910557
836836342
925910177
-185130467
925894009
1485718609
925906181
-868413061
925897542
-1213522056
925872988
2099025159
925859648
311487712
925942631
-296560486
925929001
-1085966880
925885877
2063586264
925905569
-1927946715
925893846
2065721183
925855315
996760552
925872131
-423073182
925879677
-1551745384
925882542
-790735246
925860193
-1723249056
925914867
-1649330220
925870673
1112961100
925913199
1272314360
925931935
-18962237
925938836
-1725070155
925920647
-1655901221
925917025
529913428
926020720
1290718191
926022288
1794864625
926039372
-2141854181
926009750
-813739951
925960411
444522091
925913814
189217191
925893002
-658081433
925897354
1148161022
925951171
-1438952620
925924758
-1629300884
925919222
-609276559
925969173
1804740954
926091308
-136904673
925990923
68880843
926040441
-625348896
926002741
-88280312
925932818
169476321
925953194
1180287851
925919190
631247647
925914645
-422664081
925898907
1034267816
925946264
634790486
925915609
-1970838247
926011931
-962342635
926004214
178722006
925990641
-677494749
926049205
-1717986918
1068079513
-1659959812
1068167814
-602923873
1068265926
2028661024
1068375574
-931595563
1068498842
2085959485
1068568791
2023117640
1068648674
1788626462
1068740846
-1203665207
1068848337
1503349497
1068975356
-1892112064
1069127831
-1941414558
7
-742410160
1069547116
1211584921
1069697053
1730490179
1069896682
31392167
1070176143
-361845760
1044454686
2066792678
1044828309
-1983200639
1045502782
-778824512
1046550442
-528882907
1056195128
689613285
1057053920
912673389
1057857445
140521640
1059294272
-1915212227
1059825693
164754124
1060013833
-91536780
6
-258069835
1061831725
-53744905
1062581560
-1857101551
1062624208
-1438491659
1062667079
-1679454839
1063203335
-284181095
1063272863
-1201324516
1063278680
596595409
1064259216
2126213542
1064574837
-1997188680
1064913273
1524748288
1065357519
-1860525763
1065482484
-1297420691
1066005801
1033359465
1066651460
-1205010183
5
-36526279
1066911197
-382072304
1067036944
-2139817524
1067107321
-656648542
1067164869
876494874
1067226754
-361027357
1067266435
-1082049658
1055984002
554261369
1056029179
1138766750
1056039798
847279498
1056101525
-801283409
1056075190
1985908182
1056126946
-1264662881
1056161873
1958484678
1056234051
-1377790372
5
-1873594009
1056273992
1551160988
1056283687
22913955
1056300526
93492189
1056336619
1262870878
1056351917
-2042923934
1056384775
814092275
1056414375
1988579108
1056438023
-2014969556
1056384884
-390157456
1056358516
-907985933
1056459715
6441326
1056401354
-128309111
1056506688
-1487969373
1056486093
-1222306484
7
1714561618
1056444271
882169578
1056499295
-1519601194
1056436025
2116732474
1056449504
-1680616357
1056511529
-1348022595
1056448340
-1701875288
1056462760
1972919924
1056430926
-1854182861
1056442696
154667911
1056499386
-1685394207
1056533014
-1302937967
1056547052
-818108319
1056534424
-1174735940
1056503890
749455666
7
-1566396638
1056497148
-431593356
1056552562
1638802543
1056481295
-669298546
1056454512
1868413497
1056420460
-1719968610
1056435144
-1648986880
1056459737
1954944312
1056406461
393703641
1056449910
-563211617
1056581157
730764945
1056602897
-286129822
1056483948
-1312449047
1056445919
-573197989
1056430729
961896032
7
852844842
1056365727
-1386428093
1056372244
1097871461
1056413686
-126641515
1056377196
-48506768
1056520736
190523539
1056456158
1311850400
1056495614
1508952266
1056508187
-693253497
1056494730
-573203890
1056450605
1182507202
1056433925
-1156949632
1056377589
1919220410
1056484521
-582163565
1056482646
1437363862
7
-876123685
1056410832
781431602
1056411825
65500358
1056416015
-1625258751
1056423566
-364136991
1056371197
1655768499
1056413440
625189244
1056366033
-1318844395
1056373471
1423755205
1056375426
-2051368659
1056376111
981311050
1056416509
293013929
1056422340
2112200824
1056412198
932733902
1056427222
-29877162
5
310797791
1056348740
1884132657
1056448463
-2010839877
1056432629
319389316
1056458392
1052619538
1056394440
-2081232831
1056395485
513978179
1056411975
561664097
1056412301
-774417321
1056449457
1588024997
1056408190
1154172041
1056377824
-1544404913
1056441456
786776420
1056490019
-1456697465
1056501552
2001550931
7
-651739314
1056553487
140647022
1056533197
1511464773
1056497853
-1526435494
1056437660
1495245116
1056387864
-1247111603
1056432420
-1991670753
1056474249
83969671
1056455384
-1342199587
1056464291
1903115538
1056460621
1127630033
1056461181
-1178566234
1056413689
-171791445
1056390127
974400872
1056386552
124062582
6
501770854
1056404045
596478657
1056403721
1313649646
1056468335
1447469348
1056511802
-2125455617
1056454155
57143815
1056526288
-429128659
1056495973
-1172181769
1056523090
-184839363
1056481114
1609094569
1056448261
-396044026
1056431937
963992384
1056456671
-1422979265
1056405604
-1211661405
1056380857
349271952
1056410423
-24484617
1056376911
-374954864
1056410195
466082939
1056575271
-1499472782
1056577656
615994686
1056563693
1957527745
1056489362
622091080
1056505910
-460657387
1056450984
985957749
1056607493
-2036691532
1056572553
1200198953
1056583187
1762021958
1056564989
90772679
1056449502
-1492030808
1056512128
-646934895
1056544674
-1053604406
1056461685
-1719480655
1056582476
354108456
1056549796
1230666230
1056552961
-108974773
1056512713
-1407379224
1056430763
-877435847
1056497653
438379135
1056469171
691760184
1056434286
1128145735
1056467608
197335570
1056558898
1294884402
1056638156
-996890835
1056631953
-1576004067
1056529370
-188954371
1056558514
1328991416
1056663623
-1325425471
1056560853
-1492335625
1056524386
43628000
1056536670
-1302634343
1056542922
855186584
1056566115
982608092
1056519212
522605974
1056559927
-104860288
1056548174
-1819562289
1056560306
-1941868802
1056473388
-1612175811
1056426734
170186571
1056644359
169940722
1056694967
-632015840
1056633000
-1131368
1056608648
-1651278490
1056612891
-1530193692
1056685623
1484848444
1056567430
-617835250
1056518688
671796136
1056489280
-1504442782
1056481209
1127418456
1056423075
-1845516234
1056391642
-828926980
1056375377
567435959
1056366940
-2109667964
1056340378
-993386366
1056413064
-1301777312
1056363282
-557331684
1056338558
1689286865
1056396316
731415563
1056392861
-1091716917
1056438043
623107034
1056374101
1479073328
1056442809
738990985
1056410137
2012326416
1056391931
650788748
1056511109
-2030204283
1056518160
-454129248
1056488292
775387174
1056456840
1420711436
1056441709
-2091370035
1056396528
665307784
1056429136
555169935
1056428579
-225936407
1056404905
568723692
1056422728
-102805065
1056410078
662134065
1056388489
1348196475
1056378722
1414371403
1056476100
-1706235261
1056456143
-1477062525
1056397925
845809034
1056421832
-1385510903
1056404666
-129272998
1056375549
1544592131
1056387861
-1993467715
1056393386
-393001678
1056395483
-1861088162
1056379121
607009721
1056435447
810704986
1056386794
1046544510
1056433004
-695981097
1056460438
-941117990
1056470544
-1656621016
1056443910
241933462
1056438607
-1335988337
1056590443
-335974977
1056592739
-1453513754
1056617755
918091033
1056574381
467970830
1056502136
-1971038485
1056433904
395500879
1056403430
-1008287058
1056409803
2018542480
1056488605
1377863177
1056449930
274531290
1056441824
437058414
1056514966
-306785475
1056693803
467645115
1056546814
1616947561
1056619320
-1413638857
1056564118
-911832788
1056461732
1512134485
1056491567
-1284568694
1056441776
1769964746
1056435121
-623099743
1056412077
1134818437
1056481420
-135640311
1056436532
-677384798
1056577574
1820602105
1056566275
-736924237
1056546399
1880841752
1056632154
-1717986918
1068079513
-1659959812
1068167814
-602923873
1068265926
2028661024
1068375574
-931595563
1068498842
2085959485
1068568791
2023117640
1068648674
1788626462
1068740846
-1203665207
1068848337
1503349497
1068975356
-1892112064
7
-1941414558
1069314184
-742410160
1069547116
1211584921
1069697053
1730490179
1069896682
31392167
1070176143
2129427971
1070595279
760964720
1070944859
-1649778011
1071642957
138916244
1072689822
20036356
1065464665
-1900686541
1066293049
592232969
1067049483
-2058778439
1068569690
1711994325
1069034008
1305278203
7
1017764783
1061014730
-127068922
1062599218
-243707756
1063397834
-1420608918
1063433518
1781457780
1063469389
-17477567
1063918080
-629753847
1063990312
-863054231
1064000046
-940481409
1064972768
478418579
1065408073
2060080636
1065691246
-911083630
1066066552
2054037551
1066275672
-1008344082
1066776597
195769116
6
-842818816
1067620889
-1543245538
1067705373
-1933490969
1067810587
1981203122
1067869472
-727122534
1067917623
822294138
1067969403
1464559107
1068002605
-1052699543
1068049555
-1700982245
1068116225
-72041224
1068131896
-1705119943
1068222991
716825995
1068184128
2095351095
1068260507
-46384877
1068312051
1449767434
6
-1070226937
1064407720
472915996
1064456192
865030487
1064464464
-927831238
1064478831
732037348
1064509628
1846034275
1064522681
-1145845957
1064550717
-1442644819
1064575973
-1861146731
1064596151
-1103478288
1064550810
-1910782736
1064528312
-1908610116
1064614660
1409271106
1064564863
1928634313
1064654740
2077289090
7
-1401562726
1064662691
-1624669415
1064601482
-1223411891
1064648431
-307711509
1064594446
-1023053106
1064605947
-1174165539
1064658870
-1103450616
1064604954
-1950539372
1064617258
190420622
1064590096
-445090266
1064600138
929540744
1064648509
-799114221
1064677202
-767609475
1064689180
298621525
1064678406
-661024272
7
-316634732
1064612584
657182179
1064646600
1739307636
1064693882
1526408296
1064633073
602901292
1064610221
-415677147
1064581165
750789370
1064593695
772750555
1064614679
1141707505
1064569221
-690513866
1064606293
337445719
1064718281
642301902
1064736830
2147342581
1064635337
131190970
1064602889
1294533071
6
880269406
1064561080
-1122772204
1064534464
-941151126
1064540025
-726498376
1064575385
1408384433
1064544251
-305973725
1064666726
-393594507
1064611624
-63548213
1064645290
-242036534
1064656018
715628347
1064644537
-2106560987
1064606887
-920247092
1064592654
1935746035
1064544586
-11130588
1064635825
-2109139622
7
-1695217040
1064585690
493246384
1064572951
-563960643
1064573797
-660100530
1064577372
1110864360
1064583816
-1586446731
1064539132
180580564
1064575176
-910409624
1064534725
-1147898057
1064541072
-2022155183
1064542740
724501178
1064543325
-2001358599
1064577794
-1282922940
1064582769
1698770577
1064574116
1707750792
5
-339162094
1064542183
1991335721
1064519970
2069145219
1064605059
824050037
1064591549
411071706
1064613531
694020851
1064558964
167909670
1064559856
-845492009
1064573925
-118973185
1064574203
-266665886
1064605907
1989208795
1064570696
-1844834405
1064544786
-312601277
1064599080
-240473247
1064640516
-471288038
6
-195055338
1064666810
-1640690820
1064694671
2011376863
1064677358
1945031338
1064647201
-35809177
1064595841
1176145786
1064553353
61081324
1064591371
2078601393
1064627061
2024036508
1064610964
-240880697
1064618564
1313551348
1064615433
-119880310
1064615910
-895039006
1064575388
-1280194910
1064555284
-1264282925
7
558007741
1064542270
-2045345361
1064567159
384032539
1064566883
702427437
1064622015
1856306313
1064659103
1033539950
1064609916
1475772364
1064671463
-818029910
1064645597
1105287020
1064668735
1752363637
1064632919
302827491
1064604887
271772041
1064590959
-946800848
1064612062
911724813
1064568490
-589868613
7
-2037729766
1064572601
737876912
1064544008
-1315118732
1064572407
846134593
1064713258
-1450160187
1064715293
1253310624
1064703379
-1756737658
1064639956
-361052496
1064654075
-370015972
1064607210
-1117478587
1064740751
1795413585
1064710939
-1398968288
1064720012
1426819973
1064704485
-1491136340
1064605945
-596277099
1064659381
-335996309
1064687151
1848083498
1064616341
1229855549
1064719406
-1646022443
1064691521
1412683900
1064694222
1234836022
1064659881
627946337
1064589957
779174377
1064647031
1319116247
1064622728
-1238251647
1064592962
-800852163
1064621394
-548880075
1064699287
99202855
1064766915
-1254833646
1064761622
-1758212017
1064674093
2139357
1064698961
-1022742785
1064788644
-2028159355
1064700956
27776501
1064669841
-909547286
1064680321
-444416430
1064685656
-377171238
1064705445
-315676563
1064665425
-293565898
1064700165
1745553743
1064690138
-1281791677
1064700489
-665186930
1064626326
1541958176
1064586519
-2092152248
1064772207
-785320448
1064815388
574062208
1064762516
-423631288
1064741737
-362207535
1064745357
-1892269968
1064807416
265254023
1064706568
1539786502
1064664979
1584862749
1064639886
878968932
1064633000
26726391
1064583397
189073823
1064556577
539572976
1064542699
-1396668181
1064535499
-193880746
1064512835
-1946495849
1064574855
-145285126
1064532378
1491349110
1064511283
-59608733
1064560564
-793948604
1064557616
-545506848
1064596168
-802601433
1064541609
526675880
1064600235
-1832590687
1064572357
-1947366264
1064556823
-123281267
1064658511
-1882790279
1064664528
-55736948
1064639043
-251549943
1064612206
-1995371356
1064599296
-97004951
1064560745
2001712949
1064588568
788633842
1064588093
120019877
1064567894
-784747911
1064583100
-354117261
1064572307
1674754984
1064553886
-738674353
1064545552
-1399508818
1064628640
-1777962945
1064611612
388634875
1064561938
1545465918
1064582336
-555355766
1064567689
101879391
1064542846
-1185864000
1064553350
832868775
1062464922
1240242729
1062466717
525367616
1062452713
-275691815
1062500920
-215405967
1062459279
488487246
1062498830
-961364324
1062522310
984333313
1062530960
-1567177641
1062508164
1877608181
1062503625
225809989
1062633579
1492363791
1062635544
-1005677412
1062656954
-1995655519
1062619831
-1940792107
1062557998
-1467254720
1062499600
1080352643
1062473518
1449185566
1062478973
-113804152
1062546417
-993100850
1062513316
-846948144
1062506378
1954983609
1062568979
-878440370
1062722042
1975840757
1062596237
-125762441
1062658293
222817085
1062611048
1027053222
1062523418
-73560660
1062548952
1141838869
1062506338
650123251
1062500642
-1372350521
1062480919
1352152778
1062540268
1164787456
1062501850
-466583574
1062622564
-132746191
1062612893
-487249532
1062595882
1546332582
1062669278
-1717986918
1068079513
-1659959812
1068167814
-602923873
1068265926
2028661024
1068375574
-931595563
1068498842
2085959485
1068568791
2023117640
1068648674
1788626462
1068740846
-1203665207
1068848337
1503349497
7
-1892112064
1069127831
-1941414558
1069314184
-742410160
1069547116
1211584921
1069697053
1730490179
1069896682
31392167
1070176143
2129427971
1070595279
1941431718
1056660902
1337562240
1057260750
-316980407
1058308227
83216850
1067994306
2073820547
1068815239
-278089146
1069663284
-1987307094
1071084156
1730325735
7
-165048299
1071795962
-1575853533
1071995947
1960631864
1066637317
1405165931
1067463042
-1341871430
1063602419
325404845
1063643232
-2064804971
1064153736
928076308
1064235919
576405888
1064246994
1198221486
1065209266
-915542504
1065560084
-777787163
1065882268
1085338314
1066309278
1694369567
1066474499
1541082639
7
1571701552
1067637693
-1145045865
1067788835
1171297541
1067884958
-1244308200
1068004666
-1061550941
1068071663
-1829483160
1068126448
805895080
1068185361
1492253692
1068223137
-1002756256
1068276555
940351987
1068352410
-2034995105
1068370240
-1863338124
1068473884
888851218
1068429667
-1769948558
1066706920
-2119956849
3
1698707620
1066822037
-313301969
1066803908
998893418
1066864966
1002592639
1066875386
1996593170
1066893484
1547925599
1066932277
-175530654
1066098049
-1282247829
1066137746
-1286635239
1066173506
-1315676263
1066202076
1694734491
1066137878
419308455
1066106023
-1444084081
1066228283
-2061180971
1066157775
-62259011
6
1442448179
1066260151
705475150
1066296291
-166584688
1066209624
1793603184
1066276100
376885469
1066199663
753323288
1066215947
284304234
1066290881
666672522
1066214541
735105254
1066231962
-1506296071
1066193502
1605259477
1066207722
653035441
1066276210
-1888066662
1066316837
1206645659
1066333797
1099547140
7
1574247684
1066281652
-988695053
1066225344
427793669
1066273507
1188938098
1066340454
1886118783
1066254354
-543279257
1066221997
1794341496
1066180858
-1390976451
1066198598
146100702
1066228310
-232349399
1066163945
808122194
1066216437
2065484340
1066375000
873419432
1066401264
1085681989
1066257560
1299225629
7
606602201
1066193265
-98511190
1066152418
21487836
1066114734
-375320790
1066122607
1650889850
1066172674
-490378309
1066128590
-1279330730
1066302004
2042793959
1066223985
1899881812
1066271653
912293574
1066286843
458893693
1066270586
-992539975
1066217277
-1786499637
1066197125
1665824661
1066129065
-348955657
7
837544289
1066255987
-145567558
1066187264
248238055
1066169227
-82412125
1066170425
-818134948
1066175487
297605301
1066184611
1274367025
1066121343
1474718726
1066172377
-1605380426
1066115103
1275593682
1066124090
-1123847655
1066126451
-2008599213
1066127279
-518581992
1066176084
397151192
1065677916
154453480
7
61057527
1065682228
-1465014196
1065635905
1969561357
1065612912
1266945646
1065700988
-1017273071
1065687003
1210639152
1065709757
-325943030
1065653274
-1238579941
1065562321
-515906605
1065575893
907171757
1065576162
-325505201
1065606744
-1074770548
1065572778
836030448
1065547785
1545189232
1065600159
-270155140
7
