54.1807
54.9254
38.7129
29.0712
94.0857
444.416
320.474
31.7956
31.2728
54.8624
97.1172
99.3692
96.0055
43.3988
95.4384
69.094
37.868
95
95.7392
44.6806
29.0712
30.9743
31.6952
37.2522
44.7192
43.0852
37.4944
29.0712
38.3416
38.0775
31.6507
32.4842
42.816
31.2417
29.164
54.8974
54.76
29.0712
55.074
32.2294
29.2402
31.6507
31.1206
29.0712
29.1872
31.7369
31.9357
64.5677
37.5885
31.9029
29.4708
29.0712
37.8411
30.873
44.0515
29.0712
31.3558
29.166
31.2236
29.3182
37.8675
29.3865
32.2635
31.3866
29.0712
29.0712
32.7242
31.0958
29.5739
29.2662
29.4339
29.0712
29.4521
29.0712
32.2497
29.4599
29.0712
31.7376
29.0712
29.1847
29.3914
29.4115
32.3633
29.2938
29.1974
29.0712
29.3246
29.4646
29.0712
31.7782
29.0712
32.2766
29.2426
30.9407
29.3811
29.8487
37.5666
29.0712
30.873
29.2523
29.1356
29.0712
37.8244
29.3245
29.0712
29.7814
29.1854
31.509
31.4369
31.923
30.873
31.756
29.0712
29.6804
29.4311
29.18
30.9549
29.3122
31.083
31.1434
29.0719
29.3831
29.0712
32.0287
29.188
37.3222
29.3655
37.9681
31.7912
29.3422
29.0712
29.0712
29.5816
30.9336
32.3081
29.0712
37.6236
31.2017
32.0983
29.3757
29.1147
29.0712
29.4166
29.4877
43.2549
29.4644
31.4385
31.7887
30.9103
29.1596
29.0712
29.3786
31.5633
31.6507
31.9321
29.2645
29.2746
29.0712
29.0712
31.8039
29.0712
31.7254
29.0952
29.3633
29.4073
29.0824
29.4953
29.2244
32.2437
29.1195
29.0712
29.0712
29.2037
30.887
30.9168
29.2844
29.0712
31.4568
29.8335
32.0741
31.1219
29.1779
29.4033
29.1364
29.9082
30.873
29.6262
30.873
29.0917
31.6021
29.4814
29.0712
29.7408
29.3581
38.2863
30.873
29.0712
29.5372
29.27
29.1802
29.4001
29.7194
31.8458
31.9715
29.1183
32.4793
29.7218
29.1296
31.6716
32.1465
29.3503
31.7312
31.059
29.5031
31.8782
29.4702
29.087
29.0712
30.0639
31.8255
29.3782
31.6507
31.6243
29.783
29.1741
29.2122
29.1911
31.692
30.873
30.873
29.1758
29.1743
29.0712
29.4662
29.0712
29.0712
29.3939
31.0162
29.468
29.0712
31.8683
29.0796
29.0712
29.6118
29.3902
31.11
29.2397
29.242
29.0776
32.2921
31.2742
29.0764
29.2015
31.126
29.0712
31.8444
29.5376
30.9873
29.0712
31.3728
31.6507
29.0712
29.1896
44.3298
55.5907
31.0355
31.8421
30.873
31.7637
29.2761
31.9446
31.1454
29.1969
29.8395
43.6319
31.5634
31.0001
29.2199
29.0815
30.873
31.1164
32.0204
29.0712
31.4429
29.4447
30.0027
29.0712
29.6476
30.9313
29.0712
32.3498
29.082
31.991
29.088
29.4262
29.0942
29.77
31.1051
30.9715
29.8399
55.0494
37.3926
30.873
43.0819
95.1364
304.219
171.073
94.9307
32.7072
32.0133
93.1306
57.0306
95.0831
59.5768
55.7946
93.9376
38.6075
43.3051
94.4273
35.2703
31.538
29.184
32.0192
34.6401
37.0484
38.5915
33.6914
43.7457
43.2579
29.7119
31.7764
29.3309
37.5896
30.873
55.152
39.8443
31.1849
35.8138
54.9864
29.6463
31.0997
55.0266
29.4754
30.1542
31.7273
31.7441
37.1191
29.0712
43.8405
56.8185
30.4982
34.3093
31.2387
37.8546
30.9827
29.2123
29.1656
29.4514
29.7774
42.6291
37.1839
31.7015
29.2056
31.5023
29.1257
31.1551
34.2302
31.796
31.6558
29.6704
30.873
31.809
31.2497
29.125
34.4486
31.1352
31.8239
29.0712
29.1533
38.0619
29.2535
29.8585
34.7619
37.7181
29.1847
29.4879
31.1251
29.0712
29.2521
30.873
31.7635
30.873
29.0712
32.0768
29.0712
30.873
31.83
29.435
29.6191
37.3641
31.3851
29.2764
31.1056
29.6798
29.1579
31.6507
29.0712
29.0712
29.3781
29.5172
31.7491
29.2275
32.5777
29.0712
29.3248
29.0712
29.0752
43.1952
29.0892
31.6507
29.0712
32.0039
29.2018
29.5711
31.0596
43.6781
29.5512
29.356
29.9332
29.0712
30.8918
33.07
29.5734
31.0909
29.0712
29.2826
32.6668
29.0712
29.0712
29.4135
29.6825
30.9205
29.261
29.0712
31.502
29.2982
29.0712
29.2113
29.4521
29.0712
31.0124
37.4202
29.3303
38.5751
29.5059
29.0712
29.1795
31.0062
31.0523
31.6507
32.0016
29.8798
32.0636
31.9291
29.198
29.2253
29.1649
37.5129
31.8031
30.873
29.0712
29.521
34.648
32.0644
29.1381
30.0484
31.2958
35.2611
29.0712
29.528
29.4553
38.0383
30.873
32.2486
30.873
32.2551
31.2243
29.251
31.6237
29.8235
29.6549
29.0712
29.0712
32.1363
29.6588
34.5784
34.7241
35.0867
29.6412
29.2465
30.8834
30.8874
29.0712
29.2406
37.3717
30.9433
29.1553
29.2314
29.3042
29.3992
29.0712
29.2555
34.2302
29.3769
29.0712
29.378
29.0712
29.4388
29.0844
29.7327
29.3415
29.0712
29.5255
29.0813
29.185
29.0712
30.0693
30.9697
34.5743
29.7015
30.873
29.0712
29.0712
31.042
35.3969
31.9677
31.6507
37.8634
29.0712
29.4506
29.5451
29.2551
29.2089
29.5024
29.2676
31.9566
29.2735
30.873
29.9206
29.284
31.0347
31.5793
29.4471
29.0712
29.4762
29.1163
29.0712
30.9813
31.1897
29.7114
31.4457
29.4964
30.873
31.4953
30.1014
29.2723
31.0262
31.1169
29.6402
31.7772
29.2901
29.0983
31.6507
31.4094
29.09
29.2496
31.0731
29.5119
29.0712
37.2956
29.0712
29.0712
30.9263
37.8798
29.5979
29.4687
29.2346
29.0712
29.2323
31.1576
29.0712
29.5277
31.0789
30.873
31.0334
29.0712
31.5844
29.4485
31.1441
29.0712
54.8681
34.3361
93.8534
42.8849
59.0941
29.569
37.486
414.985
583.219
117.535
56.6771
37.4837
93.4822
94.2614
56.2354
94.2642
30.9079
95.307
32.6854
44.5088
32.4456
29.0712
31.0378
37.3126
37.4319
34.4759
34.8937
30.873
43.5597
55.2239
43.1024
29.3078
29.506
37.1639
65.3522
33.6104
29.0712
31.3515
37.7211
32.2125
29.5049
29.9342
34.4894
54.6603
29.114
42.8706
31.6507
55.6443
29.6031
29.1899
29.0712
31.3738
46.4691
29.5802
31.3917
30.873
31.4573
34.5541
29.6809
31.2117
29.8999
29.6844
31.9755
29.3147
34.2586
29.7981
29.0712
30.2698
37.0484
29.0712
29.3363
31.1034
32.0909
31.2971
29.2282
34.259
29.0712
29.3702
29.2075
29.5534
29.445
31.153
30.9673
29.2718
37.1846
29.6116
31.6951
29.0712
29.3683
29.3632
31.1697
31.0894
30.9423
31.8361
30.873
29.0712
34.3088
31.3389
29.158
32.1023
29.4176
37.4688
31.1654
29.0839
29.2527
29.2453
29.2572
29.3916
31.0092
29.1911
38.353
29.2997
31.8169
29.2485
31.9351
31.8329
31.5426
29.0712
29.4221
29.2324
32.0741
31.7648
34.4891
29.4649
35.4608
29.8144
32.3711
37.2087
29.3634
31.6507
32.2209
29.8624
29.3104
30.9662
30.873
29.3088
32.2109
29.2288
31.4578
29.0725
29.3983
31.1123
29.2446
29.4418
29.3886
29.3526
29.0712
34.4332
30.0696
29.5491
29.0712
29.3919
31.6507
34.2302
29.0712
29.0712
34.6771
29.7207
29.1736
31.0894
29.1001
32.2285
31.2969
29.315
29.4017
29.7404
29.1862
29.0712
29.0712
29.1397
29.1145
29.2529
31.8786
31.9731
31.3544
29.0882
29.1199
29.0712
29.0712
29.508
31.8333
29.4532
30.9604
35.0914
29.1589
29.2265
29.2182
38.0021
30.8812
29.5975
37.6167
31.9973
31.2457
29.1133
29.2117
29.0769
31.0239
31.2059
29.7308
29.2241
29.5128
29.0712
29.0712
55.2634
29.4432
31.0232
30.1765
30.9304
32.0109
29.0712
29.0712
29.2073
29.334
31.6721
32.0644
29.0712
29.3046
29.8028
32.3691
31.4657
35.4927
33.0208
34.475
29.4929
29.4566
32.0498
37.2032
31.835
29.0712
34.2806
30.9606
31.6854
29.0762
29.1279
29.5316
34.9313
31.5264
29.0983
29.1367
34.7589
31.1871
32.1533
37.5224
32.2171
29.423
29.2042
29.1328
29.0712
29.3253
32.0177
29.3006
29.0712
29.5916
29.3377
29.2314
31.9377
29.1977
31.2871
29.848
29.0712
29.3956
31.6346
29.2944
29.3667
29.3247
29.5201
31.0612
30.873
34.4405
29.0712
29.6115
43.333
29.4069
43.8329
31.2294
29.4288
29.0712
31.589
29.6601
32.2422
29.0785
29.3754
29.1422
31.802
29.1253
31.8411
31.9556
29.0712
32.5654
29.4853
29.0712
35.1819
31.1309
29.2879
29.317
29.1324
32.4621
29.0712
29.2037
55.2955
55.5943
29.0712
94.4573
44.4222
31.9786
55.0827
93.8452
95.8865
34.6222
43.52
61.3076
31.009
55.2096
92.8953
38.698
295.401
216.401
94.7082
38.9484
93.2996
45.6671
32.236
38.4514
34.3494
37.0484
31.2286
29.0712
29.4582
32.1576
34.8717
55.6517
29.6942
43.1351
34.2983
29.3851
56.1604
31.1636
37.8076
31.9744
55.2049
37.6011
31.7542
29.3439
30.873
31.4187
31.1888
31.6507
61.1184
29.0712
37.3131
29.0712
32.27
29.0712
29.5573
38.0063
29.3357
43.203
31.6536
29.1536
42.8803
31.6722
29.3559
29.0712
29.9386
31.1928
30.873
54.9174
32.4112
31.7186
43.5064
31.7868
29.4447
32.0636
29.4082
29.5219
31.2333
29.1845
29.1046
37.3513
31.6507
34.62
31.7276
30.873
29.0712
31.0209
34.8435
32.4324
29.0998
33.8827
29.4029
29.0712
29.2833
29.2605
35.0519
31.3543
29.2809
29.092
29.0712
29.3371
29.5256
29.0712
29.6305
29.0712
43.5825
31.358
37.4705
29.0712
29.0712
29.543
31.2694
29.5225
37.5981
34.3729
30.9142
31.4685
35.3663
31.4597
29.2197
29.0712
29.4933
31.0857
29.0712
32.0967
34.6617
32.1071
29.0712
29.0712
31.0709
29.0712
29.3413
29.4444
29.1772
29.0712
32.0476
29.3385
29.3663
31.7191
29.2026
31.2761
32.5522
29.8213
31.0626
31.4588
29.4006
32.4618
29.0933
29.3789
29.0712
29.0712
31.2535
30.9171
29.0712
34.5628
31.2253
29.0931
29.2255
31.0289
29.1614
37.9507
29.4351
37.608
30.958
29.0712
29.3052
32.2584
29.0712
29.0712
29.4584
29.9016
29.1227
29.3897
38.0054
29.2457
29.0712
29.9528
29.0712
29.1062
30.9245
34.3818
29.0712
32.6933
29.6353
31.6507
30.873
31.3749
29.4415
32.0464
29.1438
31.6995
29.1568
32.022
31.2343
29.3706
31.1226
29.3623
29.3129
30.873
37.2998
37.241
29.5124
30.873
29.3217
29.0712
31.8404
37.5998
29.4116
31.2445
29.2662
30.873
29.2285
29.2259
29.275
29.0712
29.0712
31.3696
29.8225
32.0052
32.1594
32.7122
29.099
29.0712
55.6612
29.0712
29.3391
29.1125
29.2895
32.6464
29.0712
29.2201
29.7567
31.0116
34.5687
29.1231
31.831
29.4656
29.0906
29.0712
29.4368
29.5713
29.0712
32.6005
32.3641
29.2966
34.8819
31.1302
30.9504
29.0712
30.873
29.2667
29.4123
29.6955
29.5563
30.873
30.873
29.0712
29.3023
29.2198
29.6174
30.873
29.1319
30.9935
34.6504
29.18
29.2443
29.3057
29.3975
29.5283
29.2849
29.0712
29.0712
29.3974
31.6622
32.7856
29.0712
29.5471
29.2967
31.0373
29.4418
31.6744
30.9437
29.0712
31.0833
29.0712
29.0712
31.7956
29.3273
29.3861
29.1162
29.0712
31.9902
29.7414
29.0712
29.4392
31.3762
31.3313
31.7802
37.7527
31.9182
29.7987
31.8497
55.1984
94.5097
38.7961
54.7185
37.4704
63.7516
45.3234
93.5883
291.889
118.982
94.4162
33.4817
94.1262
54.8363
93.766
43.9162
94.2278
94.4
38.0993
29.2318
29.6958
37.6535
38.585
32.0185
43.1269
29.3112
43.0807
34.8063
31.6856
56.0445
37.562
43.4154
32.4774
35.4144
29.3408
29.3069
54.7411
55.9683
29.0712
29.1074
29.3134
37.6761
37.6556
35.1767
36.247
44.7312
29.3401
32.508
37.5075
29.3095
29.4431
29.0712
37.3174
29.0712
31.6507
29.0797
29.2172
29.184
31.9854
29.2575
29.8703
32.1771
29.0712
71.7929
29.0712
29.3455
29.4272
31.7259
42.762
29.0712
29.0712
29.2614
29.2751
34.4828
29.0712
29.0712
29.5305
29.592
29.6601
29.1327
35.6324
29.0712
29.3388
30.6169
29.4575
37.4203
42.9628
29.2795
29.1719
29.0712
29.578
29.0773
29.6254
29.6012
31.7246
31.7892
29.089
29.5262
29.2679
29.506
29.0712
29.0712
29.2493
29.2485
29.4754
32.0932
29.4441
29.5413
32.086
37.7242
34.8377
29.2117
35.8965
29.8223
29.0712
29.2217
31.6969
29.4001
32.7135
29.0712
29.5812
32.1338
38.5716
29.9175
35.1699
29.5368
31.6748
29.9245
31.7223
29.3827
29.0712
32.168
32.1211
29.633
29.1604
29.2112
29.0712
29.3359
54.8541
31.8912
31.9953
32.0266
29.0712
29.4631
31.8382
29.658
29.751
29.6614
29.2128
29.0712
29.3983
32.9449
37.26
29.0712
29.0712
34.5909
29.1978
29.0712
29.3834
29.687
29.3686
29.3874
29.354
29.411
34.5264
29.6427
32.0262
29.2989
29.3473
34.3577
31.8
29.2724
29.0843
29.0712
29.3902
29.0712
29.4704
34.5297
29.419
34.8026
37.4803
29.408
29.2668
29.366
29.0712
29.4132
29.1335
29.1741
32.2123
31.8822
35.3609
29.9169
31.768
29.7767
29.1796
31.6817
29.1545
29.4774
37.0484
31.7978
29.2333
29.0817
32.0947
32.1958
29.0712
32.0657
39.1183
29.3971
29.4378
31.6639
29.0712
29.0712
33.0201
29.1506
31.6607
31.8265
29.0712
29.4496
34.8971
32.0741
29.3747
29.6879
31.7749
31.7833
37.9176
31.6507
29.0712
29.3548
29.148
33.4584
29.3408
32.0803
29.1951
32.3969
29.1459
29.4064
29.1135
29.3947
29.0712
29.0712
29.1669
29.5593
37.0484
35.4005
34.7905
29.2156
31.6507
29.4195
29.3328
29.499
29.4265
29.0712
29.0712
29.0712
29.8254
37.1909
29.0712
37.4962
29.0712
34.944
29.0712
29.2491
29.3891
29.1745
29.5459
29.8214
29.0722
29.46
32.6231
29.5513
29.0811
32.5679
29.0712
29.4488
29.0712
29.2171
29.0712
29.4484
29.3155
29.0712
29.1272
29.0712
29.4418
29.869
29.3822
29.2514
29.4814
29.5824
29.1955
31.6507
35.2355
29.4488
29.1826
29.4264
29.0712
30.5201
29.3494
35.8137
29.0712
29.595
55.2702
42.8845
93.817
33.8236
35.5977
94.4304
44.2406
32.1825
93.5682
96.9882
56.4105
38.2741
37.7288
94.2817
32.3072
93.2648
94.2489
56.4118
306.669
221.585
31.2713
29.1306
38.1613
31.9332
35.321
38.0131
31.8415
42.4597
43.1932
29.6229
29.2111
37.8191
35.1619
31.9886
31.9614
37.3941
34.3272
55.1113
31.4443
29.1742
32.2761
55.2789
29.6645
54.6884
31.9943
29.0712
29.6123
42.7331
45.1068
30.873
36.4472
38.1423
29.0712
38.4505
29.6151
43.0773
29.0712
32.1212
30.0536
32.1929
29.1679
31.1906
31.5258
37.4671
29.1555
29.4976
31.1228
29.0895
35.2019
34.8644
29.9006
30.1026
30.873
29.6582
29.0712
29.1466
29.8865
31.0749
34.2519
29.594
31.6199
29.27
31.4255
31.3033
43.6326
29.9448
29.0712
31.6507
31.1001
31.4303
29.7307
29.0712
29.0712
29.1462
31.196
31.2515
29.2145
29.8743
29.184
29.3085
29.2191
32.1273
29.0712
35.1158
29.3498
32.5227
29.9037
30.9947
31.4005
31.0377
31.94
31.9845
29.0712
29.0712
30.9786
29.4938
31.5184
29.7715
31.6764
31.9624
29.4909
31.9802
29.2462
29.2448
29.0712
31.2905
29.0901
54.6297
30.3435
29.1218
29.9092
32.4076
31.2216
29.4465
32.1738
29.7205
31.0214
29.1369
30.4149
35.6418
35.24
29.2519
29.2595
29.5301
31.7503
29.154
37.1677
31.8931
29.2228
29.2647
29.8037
33.0966
29.3383
29.6157
29.3616
30.9249
29.446
32.7032
29.1317
30.9662
30.4199
29.6616
29.4846
31.6422
30.9964
34.8049
29.2512
31.6507
34.7339
30.873
34.7411
29.4727
39.1583
32.0762
29.2577
31.3658
29.3848
31.9131
29.0712
29.792
31.4414
29.0712
29.2322
29.0712
31.3901
29.3633
43.495
29.4508
31.0002
29.0712
29.1891
32.2019
29.2841
31.6507
29.2634
31.7775
29.9256
29.3795
32.2097
32.0262
29.3807
31.009
32.3899
29.4998
29.5425
29.4103
29.0712
31.3344
32.2355
29.3756
29.4231
31.0355
29.1626
29.0712
29.4781
29.3877
29.2198
37.8541
54.8611
37.4562
29.2425
29.0712
29.6464
32.2144
29.4749
29.2436
31.8414
29.0712
29.1544
29.5021
29.5514
32.5983
29.3297
31.1216
29.3698
29.461
31.1028
29.1091
29.0712
29.4505
29.0712
29.7201
32.1423
31.6821
29.1123
43.4213
29.8396
29.1599
35.4947
29.5097
29.5908
29.1453
29.0712
29.0712
30.873
29.0712
29.2387
29.1276
29.3845
29.0712
31.3012
31.2823
31.6623
32.1833
31.7047
29.5065
31.0208
29.0712
29.3056
29.0712
29.0712
29.0712
30.873
29.3005
29.3864
31.0508
29.6156
31.6877
29.4927
29.2217
31.4182
31.8163
31.7275
29.4594
30.4394
30.9608
35.0472
29.0712
30.5993
31.4109
31.5314
29.0712
29.0845
29.4984
29.1441
29.6015
31.0384
30.873
29.5672
29.1979
55.2433
61.1931
34.8888
31.2998
55.014
45.3769
364.431
140.992
93.7813
37.2182
55.3609
95.0824
99.1957
33.9881
93.7023
39.3665
94.5489
93.8237
29.5308
95.274
30.873
29.0712
38.0283
35.2572
32.6002
44.3189
38.1875
37.7735
29.0712
30.873
32.1719
55.5814
56.5584
29.4527
37.2317
34.9726
31.6507
34.4372
54.7867
31.2925
29.2845
31.1364
30.873
37.9269
29.0712
31.8668
34.2361
29.2412
29.0712
30.873
31.9011
32.3246
32.337
29.0712
58.8611
31.9498
32.7043
29.2946
43.269
29.5363
31.719
30.9896
29.0712
31.3979
38.0273
29.8232
34.6457
29.4672
29.7785
29.256
31.0986
29.2213
31.267
36.5001
29.378
29.6286
37.5847
30.873
31.1772
32.2201
29.366
29.3634
31.6881
29.5507
29.0712
30.1594
29.4441
29.5408
31.6556
29.0807
29.3815
30.9227
31.1758
29.3762
29.5052
32.0175
29.0712
31.8345
31.0234
29.6573
30.957
29.2377
37.4326
31.3191
31.8033
29.0712
29.2759
29.3503
29.1248
29.0712
29.3564
29.0712
29.9773
31.8238
31.8663
29.527
29.0712
29.5514
31.6563
35.1064
29.2608
29.0712
31.2453
31.2622
29.1792
30.4983
29.5214
30.8876
31.7846
30.9877
29.0712
29.3275
31.8168
29.0712
29.7669
29.0712
31.0454
29.164
31.3157
37.1411
31.8424
29.3057
30.9106
31.6507
30.9233
31.7458
29.6309
29.2865
29.0712
29.5858
32.4521
29.7884
30.873
30.873
29.352
31.1987
31.6507
30.9088
29.0712
32.2512
31.835
31.6677
31.1313
32.3955
29.4347
31.6644
29.2992
29.1681
31.9195
29.7881
34.8708
34.2302
29.5744
30.9809
34.6851
31.4014
29.7444
29.1439
29.0712
29.7244
30.8831
29.0712
29.433
29.2804
29.1217
29.1815
29.0712
32.3588
29.2529
32.4742
29.5459
34.5457
29.4476
29.6837
29.3875
29.1727
34.4375
31.1625
31.4789
30.977
29.3119
29.0712
29.4218
29.3257
29.1778
29.2845
32.56
29.8056
35.8832
29.8583
31.2308
31.661
29.356
29.7256
29.4844
30.873
33.0861
29.5886
29.1333
29.0712
29.7738
29.1163
29.4111
37.797
29.0712
29.3891
29.3581
29.1018
29.7359
29.084
29.2277
29.5223
44.1912
29.2434
29.3699
30.8922
31.3642
29.0712
35.5975
31.4329
29.2917
29.252
29.0846
31.4177
29.5057
30.873
32.5843
38.0497
29.0712
31.0687
29.3427
29.5085
32.2616
31.2903
31.6507
29.3008
31.2032
30.9844
29.2445
31.1455
30.9099
29.1426
29.1554
29.2498
31.0459
30.873
29.0712
34.2302
32.3613
38.0619
29.0712
29.0712
29.0712
32.0408
29.0712
35.0068
29.0712
30.1848
29.0712
34.2302
30.9219
31.9685
31.8539
31.3414
32.0851
29.1114
30.8995
29.9028
31.1601
31.7919
31.2209
32.3656
29.1333
30.873
32.7462
29.0712
31.7126
29.1489
32.267
29.7325
55.8189
94.6625
70.6739
55.3444
96.2026
55.1618
45.3343
42.6898
93.6191
94.5318
35.1912
29.9624
94.0277
93.6672
371.607
224.123
30.873
31.6507
38.4964
38.2806
29.1302
31.9343
31.2849
37.2785
34.852
37.6389
32.2141
54.8485
42.9451
32.2223
31.872
29.4598
44.3164
55.2818
46.4892
37.3977
37.5282
29.1882
29.8474
55.3973
31.4956
34.4832
30.873
31.6988
37.9319
31.0568
29.0712
32.1297
29.4157
58.7446
29.424
42.8555
34.4569
31.8618
31.6552
29.0712
35.0427
29.2859
29.3199
29.3386
31.1055
29.1098
31.0797
38.1711
29.2797
29.6332
29.0712
31.8494
31.4906
37.5344
31.7719
29.3288
29.0712
29.7115
29.3609
31.7651
29.6907
31.6675
37.0484
31.6507
29.425
34.3356
31.5561
31.0963
29.3581
29.2223
31.5159
31.2712
29.26
31.3403
31.1151
30.4432
29.1156
31.3252
31.0473
29.3684
31.8093
29.3023
29.0712
30.873
29.5938
29.6893
34.4803
31.5586
30.873
29.5039
32.4077
29.4166
31.9181
29.794
32.239
31.6507
32.5154
29.4127
31.122
30.873
29.0712
29.0712
29.373
29.7228
29.0712
29.0712
32.636
29.1518
29.2895
29.1492
29.0712
31.1782
29.4711
29.2548
37.4459
29.3123
29.3255
29.0712
29.1746
30.9033
29.2366
29.0956
29.6027
29.575
29.4477
29.5058
31.2483
29.1882
29.3535
32.472
31.7408
42.8742
29.3695
29.1941
29.2364
35.1399
37.4209
29.2119
32.7138
37.678
29.0712
30.873
29.4902
29.2144
29.4798
31.058
29.4104
29.4673
29.4557
38.4794
32.2505
29.8154
29.3156
32.2104
31.0491
31.4138
29.1302
31.1455
29.0712
31.8816
30.873
29.2131
29.3736
30.1032
29.3658
31.5739
29.2938
29.1915
29.477
30.9946
31.7835
29.0712
37.8826
29.1568
29.9508
29.0712
29.103
29.6963
29.3685
32.052
29.2341
29.2282
29.115
29.2227
31.3129
29.0712
29.5328
29.5365
32.072
29.6719
29.0793
31.3966
29.7337
29.0952
29.2271
29.082
29.345
30.9783
29.0712
31.6753
29.4715
31.6507
31.9244
30.9603
29.5117
31.326
31.8668
29.0712
29.0712
29.0712
31.9783
29.5546
29.4284
31.7025
29.3072
29.0712
31.6507
29.0937
32.1475
32.7904
29.9775
29.0843
29.0712
29.32
31.862
37.0857
29.2963
29.2573
30.4004
29.2409
35.5931
32.848
29.585
31.6507
29.4996
29.0712
29.6246
31.7519
29.2672
29.3722
29.5027
32.2243
31.3294
30.873
29.6817
29.1632
32.5017
29.5395
29.5669
30.1151
30.0825
29.0712
31.016
29.4949
29.3897
35.2998
29.382
29.0712
29.0712
29.5738
30.9308
35.3927
31.4615
29.1585
29.3779
29.0712
34.2302
29.1787
29.5912
34.7066
30.873
46.8483
29.0712
29.3951
29.3704
30.873
29.3054
29.2832
29.3315
32.3911
31.6507
29.7245
29.6716
29.1263
54.8114
31.5669
94.3176
35.6902
31.8042
56.1932
43.3262
44.7128
420.724
297.233
56.6855
95.7426
37.7672
94.3199
94.731
93.8725
29.1005
37.5856
94.0779
55.5655
31.9846
29.4307
32.2336
37.0884
35.3135
38.2681
37.7879
43.1745
29.0846
29.2614
57.7001
45.8349
38.4823
30.9222
29.1657
31.2684
31.6507
54.926
55.1414
31.2578
29.0996
34.4192
38.1582
38.1042
55.0523
29.0712
31.8984
32.7313
54.8748
43.0688
29.2289
35.3205
42.9445
29.3978
29.0712
29.0712
31.8241
29.4954
31.1637
29.4405
31.9948
31.6507
29.078
29.5124
31.7769
29.3542
43.5551
29.3683
37.7587
31.365
31.6838
43.2548
31.1205
30.8958
29.3598
29.6045
32.1595
30.9367
29.0712
29.1718
34.6346
29.268
32.9577
29.3459
29.1664
29.3464
29.3891
31.6507
31.7013
29.6342
29.2016
30.3154
29.0932
31.8896
29.285
37.3742
29.3018
31.9537
29.1843
31
29.5019
29.9329
30.873
29.2366
31.5515
29.2023
29.1149
29.1336
31.025
29.0858
32.3612
31.1652
29.5429
29.5638
31.0547
29.3497
31.8516
34.9947
32.2956
29.3413
31.274
29.6829
31.2065
29.09
31.6507
30.873
31.6779
29.2386
29.3087
31.7516
29.1476
31.8852
29.0866
29.2792
29.089
29.3267
31.5615
29.7681
31.8236
29.2833
31.3531
31.4906
29.3209
29.2012
30.873
29.1476
29.4437
30.9412
31.6507
29.6029
31.3038
31.3146
30.8979
29.4785
29.0712
29.4126
31.7416
29.5666
29.3788
29.3493
29.0712
29.2484
46.7179
29.357
29.0712
38.1281
31.7247
31.8037
29.0712
30.873
35.1366
29.3306
30.0698
32.2629
29.3019
29.3151
31.0932
29.1879
29.1109
31.9869
29.3798
32.1209
32.0577
29.5856
29.3382
29.2885
32.9449
31.2464
29.0944
30.873
31.5895
29.2851
30.873
31.9435
29.2404
29.4521
29.2223
29.2423
31.2968
29.233
31.8752
29.1235
29.468
42.5087
30.873
29.215
31.6771
29.4931
29.5699
32.4744
38.3757
29.0712
29.191
31.6817
29.7239
29.233
31.4283
29.0712
29.1102
29.3076
29.6942
29.0712
34.9202
29.1776
29.0712
29.5695
29.0712
31.8284
31.5106
29.4235
29.6059
31.0261
29.8795
31.1755
31.015
32.4306
31.4974
31.0741
35.3151
32.1616
30.873
29.1604
31.5527
31.772
32.1088
32.5574
31.8116
32.1667
29.0712
29.4627
29.962
29.0712
29.1042
31.6507
29.8899
29.1792
29.1167
29.0712
31.7769
29.143
29.0712
29.0712
29.4135
29.0712
31.4464
29.0712
29.1395
29.0712
32.1662
29.2616
29.0712
31.2877
33.6623
29.2761
34.6076
31.3304
30.5368
31.6507
29.3677
30.873
31.2915
32.1424
29.0712
29.3009
30.8885
35.1386
29.0712
29.1299
31.8976
32.9148
31.3469
29.0838
29.2357
30.034
29.1797
29.1883
29.6939
29.3277
29.4969
29.4961
55.0168
93.4562
32.8663
54.9376
95.0728
29.4209
93.2647
32.709
288.001
191.718
55.0544
37.9648
94.2408
93.9584
34.2934
45.4063
96.8777
93.7291
43.3273
63.1096
29.7517
31.3502
37.6295
32.5752
34.5927
43.6507
29.6426
37.6821
43.5549
31.2433
32.2487
29.5818
55.2957
31.6507
34.73
55.1643
43.549
54.9989
31.1832
31.6507
43.6245
34.444
29.4848
37.2825
31.9089
29.1525
31.7859
63.7996
31.4189
31.5692
29.3507
34.7341
31.6507
29.0712
29.0712
31.6507
29.5943
29.4926
30.873
29.0712
31.7383
29.0772
29.5181
30.8848
31.6507
29.3195
32.9872
30.094
30.873
29.255
29.4148
35.2683
29.1103
31.0736
33.3227
30.8932
29.6848
29.3814
31.6507
32.3839
29.2145
29.0712
30.873
29.4429
29.4781
31.5339
29.4027
31.1
30.928
29.0712
29.666
29.1145
29.6358
31.6869
31.2296
29.0712
29.3531
29.2197
29.0712
31.7217
31.0243
29.0712
30.9121
29.6604
29.3987
31.0523
31.088
31.2362
29.278
29.0867
29.233
29.0712
31.9619
31.6554
29.8018
31.6507
32.4523
31.0453
29.1367
31.6507
29.0712
31.0613
29.0712
29.5286
29.5936
29.0712
29.8836
29.2875
29.2801
29.4761
30.9672
31.7561
34.942
29.928
32.8308
29.1992
31.4589
30.9751
29.2576
37.3615
30.873
31.6507
31.1544
29.793
29.0712
32.1341
32.4329
30.873
31.6083
31.2304
33.2488
29.0712
30.873
31.4582
31.7652
32.2214
31.6507
31.5669
34.7118
29.1009
31.2627
31.081
29.318
29.3918
29.0712
31.6507
29.1179
31.7521
32.0909
29.0712
31.2634
31.4985
32.34
29.2375
31.8014
29.7098
44.1057
32.2589
29.1446
29.3058
32.3083
29.3538
29.3476
29.6273
30.873
29.1529
29.319
29.0712
31.6507
32.4283
29.1884
31.1227
31.351
31.4973
34.6445
54.898
29.2008
30.873
29.6603
29.4662
29.6525
29.5504
29.3918
31.6024
32.2241
29.2553
32.4859
29.1888
29.3502
32.3209
31.4031
31.7151
35.7137
29.5171
29.1914
29.6649
29.0712
34.7379
31.8628
29.7214
29.256
29.0712
31.4973
29.1235
29.2133
29.0931
31.6998
29.0712
29.1727
29.1365
31.7314
32.38
29.092
37.5519
29.0712
29.1437
29.0734
29.5735
29.8014
29.0712
29.0712
29.2695
29.2505
32.4611
29.5933
29.0712
29.1083
29.0712
29.2749
29.4248
29.6268
30.873
31.2045
29.0712
31.1906
31.8184
30.2878
31.9416
29.0984
29.4948
30.965
29.4719
31.2174
29.1146
29.1892
31.1114
31.9805
29.6144
30.873
33.1703
29.0712
31.6543
29.504
31.0524
29.7656
29.9208
29.1467
29.9977
29.1191
31.681
30.873
29.2646
29.1834
29.1302
29.68
34.703
32.0116
31.0168
29.5868
31.7551
31.6507
31.6507
29.7812
30.9885
32.4681
30.873
30.873
29.5531
29.0933
31.3506
