26.9051
31.5469
30.9865
32.9329
31.2266
28.7163
30.8922
31.4062
30.024
30.002
28.0218
28.1187
28.6335
31.7961
26.1269
27.1971
31.9687
27.0904
29.3838
28.8158
28.9053
29.4585
30.7796
31.8251
29.544
28.1584
29.8688
33.5947
28.7252
28.025
28.4893
30.21
32.0833
28.6224
29.6283
30.0447
31.0087
29.7462
30.5713
30.3842
32.0994
29.3964
29.7744
30.3697
26.7659
30.8288
30.3743
30.2474
33.9652
32.5925
28.6657
31.5189
31.3438
27.6285
28.2366
30.9011
28.7233
31.139
28.0705
28.9704
30.4164
29.2255
29.4426
30.8319
31.8704
27.3536
27.6711
32.9421
27.3037
30.617
31.0622
28.9651
30.4204
31.2721
31.0307
31.514
28.8803
28.2184
29.9025
29.9446
32.367
31.5882
29.152
29.747
30.1634
30.3938
29.0388
28.5485
31.5704
32.0033
28.5241
31.1387
29.4697
31.5784
30.2811
26.1631
28.8308
30.1689
30.9132
30.3316
31.3354
27.1704
29.8027
28.9901
30.6371
27.0074
30.9863
27.5321
30.8717
32.133
29.3627
30.2685
30.1581
29.2487
31.285
28.0101
28.8887
29.2738
28.429
28.2687
30.1659
28.4193
29.5047
29.0205
29.6084
29.4154
31.7778
30.0631
29.135
30.2207
29.5458
29.6102
30.2567
27.8175
32.3076
31.8047
30.7355
29.9109
28.2471
30.3708
33.7577
30.3717
29.2818
28.6661
29.2891
28.2103
27.4231
28.9916
31.0287
31.4651
31.9557
28.9618
30.7218
30.374
28.7841
30.6554
31.2422
29.8214
29.7372
31.2021
30.819
29.1672
28.7626
29.3616
31.3301
30.1115
29.2682
30.702
29.2868
32.4762
30.5496
30.9184
28.6485
29.4005
30.3987
30.9686
29.4874
28.0127
31.1261
31.5203
30.3773
30.9316
30.2547
27.3043
29.2658
33.5164
29.2759
32.5599
28.9073
31.3268
29.2212
30.7362
31.0301
29.5756
27.1707
29.2011
32.4179
30.3822
27.975
31.6478
27.4369
31.6292
26.4249
27.2965
28.6862
31.1085
28.8061
30.6902
29.34
31.4916
27.0669
26.839
30.4941
29.7326
30.2909
29.9889
28.0813
30.0364
28.4824
29.8419
30.1666
31.1041
29.6636
30.0304
33.3026
28.4217
31.4993
27.9949
31.9446
32.0633
28.7399
28.9216
27.4429
29.5973
28.7719
29.976
31.1324
29.1211
29.5392
29.893
28.7227
31.2974
29.343
32.0399
28.4742
30.8225
29.8248
30.0888
31.2673
30.8338
29.7718
30.4817
29.4012
28.1694
31.4705
30.9808
29.2333
26.3982
29.9707
27.5913
32.7484
29.5362
29.821
29.2637
29.2733
31.6551
30.4086
31.8707
30.1281
32.0952
28.1406
29.1575
27.1367
29.0495
26.7006
28.3325
27.2206
32.8984
27.8716
30.216
30.7776
32.2007
30.8285
30.23
31.1526
29.3065
31.202
29.6479
29.5996
30.9511
31.506
29.0416
31.217
30.5629
30.9825
29.9269
30.7714
27.0602
27.9141
31.789
30.1747
31.3448
31.1182
29.993
26.7977
31.9574
29.3203
30.2364
28.9005
29.782
32.2921
27.8683
27.6519
32.4267
29.2069
31.7829
30.7793
30.3427
28.826
29.557
31.316
32.7334
31.1365
33.621
32.1647
28.8459
30.0533
30.3352
27.5101
32.4433
29.6195
30.9842
28.9408
31.7076
29.475
28.3618
28.105
26.4172
28.9152
30.097
28.4273
31.6824
27.0124
27.201
31.5687
27.7844
29.0146
33.3701
30.3001
32.0861
27.9732
28.672
28.543
29.65
32.0041
29.6955
28.9802
27.716
29.4002
31.0971
29.9455
30.7934
34.2976
28.3571
27.6187
29.2043
31.1601
29.4331
28.1111
28.8752
29.2143
31.9912
32.4277
29.2183
28.6879
29.3475
29.4943
32.4659
28.8086
29.9958
28.9248
31.1902
25.7837
26.3851
28.5385
29.8286
28.9075
28.5187
28.6717
30.1379
29.6853
31.3512
28.0274
28.628
31.7911
31.8302
27.5595
28.9102
30.5819
32.2242
30.8395
30.7526
31.7131
30.5981
30.6615
29.0028
30.3921
29.1122
29.4734
30.8898
30.9399
30.2774
30.3053
33.201
28.9169
29.4132
31.649
29.1926
28.6799
34.1573
30.018
31.6406
29.227
29.067
28.9759
31.9786
28.7057
29.6558
26.2951
31.6828
33.6206
31.4712
31.4721
31.4467
31.6693
30.7473
27.4963
30.0871
30.4527
31.4083
29.2571
31.037
28.3963
31.8245
32.951
29.683
29.4942
28.0867
30.192
32.8938
31.5311
30.3215
31.342
28.2403
29.1207
28.998
28.0014
30.4952
30.3434
30.4739
28.3797
28.9771
30.8882
28.5996
33.3385
27.9883
32.3182
29.1296
30.2235
32.2366
29.2458
26.5196
31.9138
27.9995
29.2084
28.5811
31.8976
28.0856
31.4853
27.4618
27.9771
28.7154
29.9896
27.2759
32.8663
29.9413
29.7421
31.3425
30.6488
29.9639
30.124
29.5331
31.1282
26.8478
27.9126
29.5754
28.0401
28.7249
26.824
29.9728
27.8481
27.9516
29.4422
29.9497
31.1446
29.1311
31.5931
28.957
28.2101
31.61
29.602
30.6449
33.4563
30.5512
28.6746
27.5258
30.3289
29.1527
30.3149
27.5222
30.9883
30.1242
30.4951
31.3732
29.6903
31.2791
29.8508
31.3158
29.7955
28.0479
28.9934
30.8471
34.213
28.4775
31.0664
31.037
32.3583
26.6797
31.5589
27.5533
31.1837
29.9968
31.8088
32.3542
29.2998
29.3227
30.1577
32.5911
28.2135
28.9749
27.7886
30.5018
29.3752
31.816
28.3351
29.8078
29.2411
30.5786
28.5426
31.1779
28.8768
28.7743
33.9497
29.1502
28.2669
31.1933
30.4178
31.4146
30.8385
31.1653
28.2816
29.9143
31.1657
31.2212
29.8317
30.2841
29.3306
27.3858
31.3354
32.7064
27.5695
32.1471
29.0996
29.571
30.9536
29.5985
29.5316
31.4641
31.4506
29.4603
30.9307
31.8356
28.6259
32.1017
31.4316
29.7568
31.3956
31.9579
30.4291
31.1487
30.5671
29.7923
29.5147
31.8142
30.1102
29.3632
29.0397
27.9244
28.5219
30.8006
29.5751
29.0552
32.0742
27.7927
29.6256
28.1983
31.3339
27.1673
33.2828
27.4605
30.3376
30.5339
29.6732
32.2557
31.66
29.0268
28.8729
31.2726
31.6405
29.2778
31.5379
27.246
30.9123
32.7881
29.4336
28.0915
32.3917
29.7997
28.7642
31.5171
30.9617
29.487
28.9267
33.1225
30.3293
29.2988
29.2287
27.0134
28.8753
29.4966
30.8411
29.5908
30.0448
30.6299
28.6202
30.82
28.9781
31.4032
31.8658
32.6858
30.125
25.9683
29.3052
28.4229
31.8443
25.9174
31.9403
28.8007
28.5092
30.2992
27.0482
28.842
28.8237
31.7997
31.1501
31.5492
30.0458
30.1786
28.3225
27.4488
30.3551
29.6013
28.2394
30.9835
30.4141
30.8313
29.9861
32.9115
29.4815
27.7023
29.8803
29.761
32.7824
30.6179
31.6434
31.0762
32.0064
29.6472
34.8741
30.6811
28.785
29.996
30.9886
30.2157
29.263
26.7566
30.1237
30.5014
26.4921
28.3542
27.2502
30.5481
31.1314
28.9519
31.3861
30.3838
29.5796
29.7713
25.7293
28.894
30.1077
26.2228
29.158
29.7541
29.5406
28.4624
31.1918
29.5259
30.5685
30.3745
28.9954
28.2823
27.6778
28.127
29.9348
32.5548
28.6079
29.1144
28.7764
31.254
29.1409
31.6792
29.7463
31.371
28.4301
29.7134
32.3406
32.1259
29.6568
28.0311
28.921
29.8486
30.6502
28.3062
30.7012
29.0651
29.3566
27.8574
32.1808
28.7883
30.9447
30.0021
30.0451
32.2673
31.2412
27.8657
28.6839
30.1574
29.8219
26.2972
31.4179
28.4033
28.4245
28.1739
30.6217
31.4412
32.2291
33.6927
28.7613
30.4446
27.7245
28.56
30.2808
29.4868
29.433
29.3635
29.1983
30.9106
29.9917
29.8767
27.4602
29.2584
26.1926
26.8963
28.7445
30.0665
33
28.7821
27.4358
29.055
29.7105
29.6562
28.9436
28.9081
28.7611
29.9615
28.3595
32.0679
29.1494
29.5823
28.8748
30.5133
30.5735
31.7131
26.3071
31.4852
30.9665
26.4709
29.9347
29.2874
30.2525
29.3744
29.7415
27.9985
31.0399
29.7478
31.4116
29.1315
30.1573
28.9975
31.4175
31.399
27.3272
29.7116
27.2911
28.404
28.0579
29.1384
31.5286
29.9656
28.2263
28.3143
29.7914
30.557
29.2844
29.8074
29.0343
29.5731
27.5936
30.3083
26.9674
31.7005
27.4251
32.3385
29.5736
29.1981
30.825
31.7856
30.0102
29.482
30.7616
31.1989
28.9783
30.3581
31.5104
31.8732
32.8199
32.1289
31.7596
28.3699
26.9726
29.9125
27.4446
30.0759
27.3299
29.5051
30.4292
29.6142
28.0174
27.7994
31.4456
29.0539
29.7075
31.6036
31.8681
26.6279
33.3824
28.3406
30.3654
27.8351
34.4167
29.2389
29.4517
32.0209
31.6222
31.4665
28.5076
29.2411
34.0524
28.3943
31.0926
30.1724
29.6454
29.6264
29.4084
29.9707
30.0348
27.9679
31.3095
30.3688
29.5238
26.7017
28.622
33.7163
30.6011
30.5679
29.3654
29.2218
27.4278
30.765
30.2545
28.1006
29.3409
28.2182
31.0335
30.2387
29.6794
30.1952
31.4132
28.3397
27.1292
32.5027
26.9827
29.5962
27.5381
26.9158
29.4683
28.5219
24.0922
30.6805
29.5366
30.3829
29.7265
31.8193
28.3612
30.4439
29.8402
30.7012
31.0663
31.3953
31.1567
27.1374
28.8749
29.7076
30.2571
31.1258
28.3005
31.997
30.8924
27.1484
31.5889
31.9311
32.9183
29.5677
31.2935
31.8103
30.0514
25.7515
31.3086
29.3107
31.4887
30.4992
28.3481
29.194
27.6771
27.5638
30.4205
30.6862
30.2943
33.3238
30.686
29.4377
29.814
31.0132
30.88
29.1
29.074
30.5572
28.3815
32.4787
30.526
33.0892
30.3609
27.4208
28.5564
31.1277
30.6537
30.8533
28.1329
27.7514
29.7803
29.0112
30.3481
32.019
30.3828
31.316
30.9002
31.0511
29.0318
29.5501
25.3115
30.5168
28.7962
30.728
28.1672
27.0186
27.143
31.1557
27.0374
31.3078
32.29
27.2632
28.8484
30.5242
28.5446
28.6983
30.1747
29.8982
30.0953
30.846
29.5637
29.6824
29.958
28.8481
28.2952
31.563
28.3077
28.6152
29.9602
29.7463
30.6739
30.0446
30.0635
28.0256
31.3736
30.2195
27.6335
31.7757
28.9069
27.3329
30.5757
33.5633
29.2607
29.0762
30.8375
29.4324
30.3144
30.4605
31.139
30.2659
29.9011
29.802
30.9424
31.0488
28.0372
28.9134
26.8554
27.7159
27.4117
30.2347
28.8459
28.182
32.6115
32.6367
27.9521
29.7207
31.1279
30.1637
29.9018
33.4821
29.5443
31.8262
32.2804
29.9448
30.3397
27.8313
31.5309
31.0299
30.9087
28.5433
30.3861
26.4391
28.3502
30.588
31.8075
29.3094
28.1905
30.222
32.2151
30.9716
31.1531
29.3335
27.8819
30.6209
29.8602
29.7941
29.2915
27.929
33.4254
29.1419
29.8459
27.2654
29.6649
30.5944
32.4191
28.1848
29.4301
28.1402
29.9787
29.382
29.1476
25.7153
29.1984
31.896
29.893
29.7629
28.6804
27.1818
33.0806
29.4188
29.0511
29.4309
29.3846
28.9878
29.1321
31.8159
32.0759
29.8515
29.2291
27.629
28.5621
28.6814
30.8915
28.235
27.0246
28.8893
30.6019
28.7096
30.7987
28.6015
30.6233
27.7703
31.3253
32.4193
27.7657
32.011
30.1191
31.8002
26.7292
28.2178
31.8426
30.0121
31.3897
29.9498
29.6857
29.7139
30.811
27.6236
31.4255
34.432
32.095
29.6815
28.051
31.212
30.9544
30.4737
32.5122
28.6953
29.5219
30.0037
30.7886
30.849
28.043
32.4197
27.1264
30.9362
30.653
30.4474
31.024
33.3169
27.9393
30.3025
28.8614
31.7819
27.9801
30.4097
33.3874
28.0819
30.7124
30.7351
29.0275
30.8926
28.4675
32.8461
28.7633
29.9844
27.6962
31.508
32.2442
29.9686
29.8916
30.4163
30.5229
32.2428
31.8194
30.0438
29.5262
30.0912
28.2875
28.7233
29.2804
30.3553
28.3941
29.6387
28.7478
31.7476
33.4794
32.0388
28.1637
27.9813
28.8887
31.418
28.6337
29.661
29.5919
28.8729
32.1184
25.8784
30.3708
29.2835
26.8025
32.8971
27.2673
26.8557
27.2878
28.7818
26.2213
29.9905
29.7084
25.1343
32.6737
31.0924
29.2628
29.9842
30.3976
29.8935
29.1923
28.5042
27.8806
29.6022
28.3597
27.5736
30.2791
27.4947
33.4604
29.083
28.9508
30.5467
28.8337
30.9799
32.2167
27.6522
30.7874
29.1133
30.4153
32.5309
27.459
32.7742
27.258
25.9087
27.4389
31.0932
26.8981
28.4468
30.9891
30.5165
31.8413
26.2075
33.2494
31.5284
29.3309
28.0361
28.4185
29.296
32.4407
29.8883
29.9544
30.3666
28.7968
30.2709
31.7094
29.8256
29.6496
31.0156
25.6864
28.2474
29.6677
27.7754
26.8325
28.2575
29.0546
29.3179
27.0131
28.748
32.767
27.5575
31.5565
28.2544
29.521
30.1728
28.3261
27.7258
31.0716
31.6424
29.3844
28.9524
30.5049
29.0079
30.4354
28.4559
29.1331
29.8073
29.7771
26.6575
31.5038
31.5523
29.4861
28.6812
31.2126
28.8112
29.1494
28.8303
27.9882
28.83
28.0503
31.0074
28.4172
27.2342
31.9303
28.3527
29.3131
30.3774
30.7945
28.8575
28.2345
30.1038
25.8323
31.3809
30.0435
30.0136
32.0441
28.2404
27.17
31.2114
34.2208
30.5366
29.0626
34.831
30.0587
31.3241
28.6511
28.2783
27.6611
33.5513
27.2417
29.0217
32.0519
31.154
28.7899
31.2175
30.3013
27.5652
29.1285
32.697
30.1858
30.3312
30.2055
29.9792
28.7
30.8175
30.1749
29.7354
30.3385
29.7727
27.3119
29.9082
31.7603
29.4107
32.5192
30.6546
28.5142
32.0306
29.0218
29.2296
32.9614
30.9588
27.0464
30.1328
29.6849
30.4619
32.0524
32.3195
30.4844
27.3392
30.8685
30.8536
30.8278
29.1659
30.6749
29.1889
28.261
30.1511
34.2682
30.8582
28.8034
32.6343
32.9721
31.1081
30.3214
29.3839
29.5469
29.7821
29.6916
30.1759
29.6992
27.9846
30.1745
28.4679
29.6777
32.3043
30.1858
27.6789
32.6435
28.8566
27.8722
28.6938
31.9064
33.2732
28.3515
30.8885
30.1433
31.5119
32.8124
30.8786
28.8138
29.9342
32.7077
32.0469
31.3452
32.1488
30.6849
30.0309
28.2025
30.2045
29.5749
28.346
30.3086
28.4143
29.6525
29.9372
30.8212
32.1116
30.7128
30.3734
30.2222
32.1049
30.2818
27.4832
29.0207
34.2557
30.5608
32.5477
30.3618
31.0408
29.5651
30.1001
31.4017
28.8117
28.7387
29.1198
28.8675
27.9888
29.6153
28.1959
29.3929
27.9661
29.9334
27.9699
28.7527
27.3771
29.4631
32.8427
31.1615
29.9223
30.3338
30.4547
30.5119
26.8514
32.1996
28.107
29.88
32.8218
29.6249
29.7443
30.5389
31.9279
31.2285
27.9227
31.6513
31.4532
29.2167
30.0172
27.0375
31.2385
28.7057
29.1384
31.8229
33.034
31.0962
30.3056
28.6005
28.5603
29.4638
30.8247
28.6243
30.3168
31.0648
31.4338
31.4106
31.706
30.166
30.6455
27.4107
31.2725
28.595
26.4389
29.8861
29.1218
28.4365
30.7844
27.0636
28.429
32.0282
30.1739
30.7041
30.3784
28.6838
29.2992
26.4522
29.5975
31.8219
30.2277
29.4761
30.2231
28.0799
29.5009
28.4116
31.1122
30.47
28.9686
28.3698
28.5471
28.3735
28.6388
29.3668
28.7183
31.0788
29.3499
29.8843
29.9825
28.8139
29.0738
28.1428
32.7216
30.1711
30.5349
32.6615
32.0214
27.4654
29.7123
29.7131
28.2932
29.5487
31.8087
31.8077
29.0024
30.5331
29.8376
31.1982
30.8033
30.0981
31.9811
30.1951
26.4118
28.9002
30.5308
28.5657
29.0608
31.8292
27.5043
29.8932
27.7016
31.3896
31.9613
29.2069
28.6398
29.4496
29.5671
30.6558
29.2199
28.3902
31.0797
25.7616
30.6897
26.8918
29.388
31.3947
32.2269
29.359
30.0769
30.561
27.8723
32.067
31.9068
29.096
27.5244
30.1453
28.9649
29.3565
30.3179
29.7989
30.0431
29.357
28.7337
32.7093
31.7051
29.8271
30.8353
28.9918
30.1467
29.316
29.1747
29.8177
29.1609
30.5748
32.4554
28.2189
29.3367
30.5003
30.2044
26.5835
29.4312
25.681
31.3538
30.7556
29.519
31.9763
29.5277
29.9016
33.0537
28.4699
33.1479
29.6816
30.7723
29.1472
29.4881
29.7871
31.1202
29.3161
30.0968
30.7923
30.7804
31.8842
31.7364
27.0445
31.6942
27.6245
28.7977
29.6849
33.6096
30.6138
33.521
30.134
31.2398
29.5292
29.6268
28.1117
30.3894
28.5424
31.2769
28.1931
29.8411
28.3299
29.7279
28.7717
28.8633
30.1323
29.5052
26.0585
27.8263
28.9435
30.3447
28.8081
30.5953
29.5633
27.775
30.0671
27.7439
28.7151
27.827
30.9688
32.9261
28.0721
27.3577
29.6316
29.5857
32.9067
30.648
29.4277
32.6862
28.5838
30.2821
30.4383
31.5051
28.5582
27.4655
27.7882
27.6453
31.9665
29.9334
31.317
28.8156
31.3919
28.7012
31.0658
27.7691
28.3907
31.7961
28.5619
27.4137
31.4756
32.4197
28.692
27.9161
32.2361
29.4306
31.4221
29.7159
30.1203
29.3696
30.8101
33.2675
30.163
29.5356
31.3482
31.5499
28.1612
31.0851
29.4706
28.6119
31.818
33.1889
30.1454
31.7168
30.3552
30.0926
28.0593
28.0457
28.1398
30.1446
28.0643
27.5707
29.7786
29.3817
30.0391
28.0073
28.4398
31.3877
26.7108
31.0068
28.9588
31.6941
28.799
28.0611
32.0631
28.4269
31.2481
31.6635
28.6377
29.8967
27.7893
29.5724
29.3297
29.5413
29.7366
30.2327
30.7149
31.8309
30.3879
32.5389
29.0449
28.0981
27.4796
29.6193
31.6028
27.3219
30.4489
31.3322
31.2755
26.6578
34.3853
30.2621
28.0772
28.5136
27.6085
29.1674
26.9109
30.513
31.3519
31.0226
29.2266
28.7005
26.4685
28.0643
30.4012
28.4366
28.7333
31.6736
31.0306
29.3187
29.2733
29.5013
30.4901
27.4669
29.6598
30.8099
30.904
27.7821
31.2382
29.5234
27.9437
29.3381
29.7497
29.6594
30.9122
30.5574
29.7109
29.7803
31.6225
30.1365
31.5447
26.5029
29.5508
30.3992
30.6326
31.6728
30.0705
28.8456
27.1443
26.3491
30.1328
30.1771
28.3776
30.7995
30.5046
31.7018
27.9925
31.9608
31.3285
29.2543
30.8162
29.7365
31.3326
30.4741
33.1407
29.1273
27.0023
30.0889
26.0444
30.0928
29.5949
26.9098
32.4634
30.4271
29.1772
30.4915
29.986
28.1419
28.1609
31.3243
33.3597
28.1386
29.6878
28.9612
28.0108
29.1064
30.0194
33.8599
27.7008
27.9508
32.0641
31.2343
28.8483
26.2089
27.6014
32.6006
30.7576
29.4077
32.6891
30.1814
31.4928
29.958
29.4696
30.774
31.2658
26.3872
30.8073
31.7597
30.9113
28.9105
32.4262
30.6409
32.3957
29.7669
29.4286
30.5197
29.5737
28.7217
28.7873
29.2562
31.0144
27.2992
28.6581
29.886
31.1003
28.6693
28.5514
30.3282
29.5548
29.5205
30.6712
30.9489
32.1939
30.2612
28.513
28.1642
28.2669
31.756
32.5824
29.7194
29.8009
27.2649
26.8625
32.3925
27.0264
30.6576
27.9569
31.9383
28.9006
30.0972
32.5697
31.1805
30.8422
31.0815
31.1423
28.8993
30.7877
29.3849
28.9971
28.4506
28.7596
30.8265
29.9728
31.0709
31.2361
31.8029
28.977
31.0282
26.9553
29.564
28.9144
29.8363
27.9659
28.9247
32.9089
27.8659
29.0042
31.4656
32.4116
30.2012
30.6829
33.1331
28.2741
32.1937
29.7309
31.1093
30.0962
26.3551
26.2939
27.7399
30.0951
30.3928
30.4923
28.2481
30.4058
32.5631
26.5272
30.0709
29.1418
33.1984
26.8627
31.5905
30.9835
32.4805
31.2387
31.4941
30.9877
32.0843
32.1754
32.4395
30.0901
29.6075
31.0805
26.8399
29.356
30.2627
32.5907
31.3576
27.7014
30.703
28.4901
30.4855
31.5818
31.1003
28.4909
30.072
29.4779
27.2464
31.2904
28.4295
28.1073
27.5416
28.929
28.1368
31.1412
27.7663
27.3331
29.6675
32.1389
29.8803
28.9097
29.4521
28.5861
28.543
30.458
28.2448
30.2593
29.2424
29.7242
28.0986
32.4256
29.853
31.5121
28.0285
29.6966
30.3951
30.2466
28.6689
28.3087
34.6565
32.1253
29.4101
30.2176
33.0995
32.8478
32.2262
32.1589
27.9763
27.4796
30.066
30.8285
29.4017
30.4808
33.509
27.9081
29.5248
31.3585
29.3855
31.9961
26.089
28.2688
29.5415
28.3711
29.7223
31.5045
28.9398
30.0959
30.3195
29.6809
29.3799
29.681
29.4564
31.7151
30.5799
29.8895
29.7714
31.3412
28.7725
28.9074
28.8408
32.6964
29.5038
32.0931
30.576
30.7787
27.6108
30.5875
32.0055
28.94
26.2566
29.1181
30.4156
29.7075
29.748
30.535
31.4861
29.4888
30.2323
30.8758
27.9801
28.5538
29.4562
31.9538
26.5365
27.4355
29.6925
26.7569
31.7446
32.3506
28.7608
30.1414
29.7125
28.7868
29.8517
31.058
31.2142
28.8278
30.895
33.7991
28.0715
30.9535
29.0637
30.4656
27.5753
30.2572
30.1288
35.2157
29.743
28.1314
30.6518
31.2747
29.5021
30.5021
30.8697
30.6572
28.8089
29.115
28.6826
29.5258
31.0167
28.4157
29.4603
31.6137
29.0292
31.3764
29.3094
27.0944
28.8851
28.9684
27.9192
29.3866
30.0695
31.0773
30.2689
27.9097
29.9862
28.757
29.3819
29.7341
30.6053
28.3224
30.1506
32.1905
31.2776
32.2655
29.0413
30.5302
30.4148
25.986
28.9396
28.8582
30.5988
28.7973
29.2193
30.0716
31.5703
29.4315
32.8178
27.4291
29.1447
28.9477
30.4441
27.8778
26.7241
32.0775
32.9301
30.5783
31.3203
30.4866
29.1193
28.9075
27.9735
27.7387
29.889
30.8436
28.4988
27.2651
27.2914
30.6631
30.0532
28.9191
26.735
28.8346
29.3358
31.3796
30.465
28.868
31.8992
31.659
28.2037
28.9181
31.6755
28.5121
30.2718
29.0894
29.5972
30.028
29.5684
31.1574
29.2695
27.136
32.8717
26.4839
30.9699
27.9219
28.6573
28.4409
29.65
28.7624
30.1577
33.3891
31.0896
29.0017
30.0019
30.6251
29.9725
31.044
29.1328
31.8407
27.2672
30.2292
30.6911
28.1294
27.6442
29.6792
29.1046
31.1503
30.7601
26.9392
28.2394
28.336
30.9019
29.9708
30.9844
28.0496
28.1348
27.7234
27.9557
31.0919
31.3088
28.2198
32.4622
29.316
29.4492
27.5249
29.7979
28.9777
32.1225
29.1368
29.6963
28.9097
29.6063
26.8699
32.7061
29.4106
29.8439
25.395
32.2817
29.5553
31.3709
30.7183
31.2051
33.9103
31.8522
29.1319
28.7397
29.9479
29.7428
28.5291
31.0405
30.5144
33.2695
29.4372
28.5534
30.8641
29.9745
26.8314
29.7364
32.6614
29.9887
29.3602
32.1694
30.8218
30.6455
29.2599
27.5125
26.8863
28.943
31.274
31.5305
29.6035
29.6233
30.0562
29.4389
29.2435
28.7351
28.8255
30.1348
29.7377
29.4842
33.0563
31.5576
28.8887
28.8327
29.9074
29.5323
29.7013
32.4641
30.4541
31.7293
30.4071
31.0053
28.4245
30.38
29.3743
27.1072
28.2709
24.9388
29.4255
29.4534
32.2382
28.3895
31.9115
29.0182
29.7856
28.1532
30.1287
28.6107
30.8141
28.3325
29.1884
29.7212
31.9988
28.4008
29.0421
31.2901
31.2308
29.5023
31.6225
32.4819
31.1088
26.9459
28.1973
30.2684
30.1515
31.2997
31.9321
30.1954
29.9166
31.9408
29.6793
28.314
31.3249
29.402
30.5144
32.3473
31.1582
29.6518
30.6986
27.7351
28.2834
25.897
30.8076
30.1412
27.4845
27.4345
31.0436
29.5012
29.8393
30.0606
32.9147
27.0613
30.6786
30.8433
27.9763
29.7842
30.6421
31.5999
29.5079
30.9359
31.8581
32.7148
26.4282
30.1371
29.7701
33.7862
32.1662
29.9576
30.1068
28.0817
31.4092
30.3652
32.5113
29.8679
32.4008
30.2283
29.4481
30.5151
28.8874
26.6241
29.8628
31.2227
31.3498
28.3728
29.4367
26.3803
29.9006
30.0079
28.1368
29.1065
30.9906
28.7712
28.3409
30.5302
29.5575
25.7328
29.4042
27.5034
30.6822
26.7368
31.5046
29.0195
27.5412
32.1953
32.8372
28.7403
29.0256
28.1179
30.3387
27.1198
27.6605
29.2426
29.8661
30.6313
29.5359
28.7851
28.5594
29.3103
31.7453
29.0985
26.7256
29.1978
31.2526
32.4252
31.6587
31.3036
30.5926
29.2985
29.7018
29.173
27.8926
28.9522
27.4521
31.0629
30.6012
30.4428
30.9389
31.4606
26.176
31.2269
31.2551
29.0669
27.5703
29.9085
29.1331
32.4565
30.7337
29.7243
30.0266
28.3337
29.6724
27.8069
29.9103
29.562
31.6657
29.8724
25.6973
31.8656
30.8784
29.8064
31.3291
32.9634
30.3565
32.7491
29.2825
30.2597
30.4977
29.3064
29.2328
30.6546
30.2222
32.1897
29.0765
30.7076
31.2216
30.3216
33.3888
30.6242
29.4298
29.1285
28.1082
31.1073
28.6251
31.4529
32.3193
29.265
30.8131
27.5298
33.2357
29.6034
29.8701
26.4373
29.1276
28.3142
32.4192
31.1122
26.5909
30.6084
31.276
27.3841
28.1445
28.6717
30.2118
27.4144
30.2821
29.3662
27.6311
29.3738
30.0342
32.7638
31.3107
29.9806
30.9481
28.2118
26.7994
27.8072
28.6075
29.6367
28.2527
27.2488
29.3064
32.0835
30.7093
30.4962
30.0809
29.1972
32.0673
29.7059
28.222
30.1634
28.8578
30.6169
29.7774
32.818
27.9507
31.4901
28.7889
29.7872
31.1068
28.2942
27.8856
28.4114
30.0061
30.1274
27.5471
27.4608
33.2526
27.7575
30.4213
28.3814
30.212
31.0292
32.1014
29.3992
30.5151
28.6496
31.2556
31.5431
30.2818
31.7522
31.4703
29.0842
29.7502
27.3334
30.0114
27.6657
30.6465
30.2368
29.24
29.2413
29.477
31.1062
28.422
32.3384
30.5768
28.3159
30.6794
30.3507
30.4639
30.3468
31.0384
29.6562
29.5564
32.8815
30.1803
28.1618
30.0772
30.1426
32.1956
30.1069
32.6184
32.4822
28.4037
31.6165
30.49
29.6364
27.9849
29.4908
30.8201
29.796
27.8576
27.7845
29.5997
28.6923
28.1409
30.7467
32.6693
26.3292
31.5377
29.2648
29.9152
29.3056
27.9356
26.8587
30.7318
30.6878
27.9784
32.4795
28.0293
29.6593
29.2708
32.9595
27.843
30.6741
27.891
30.235
32.18
27.9989
31.4462
29.5062
29.2915
29.7574
30.3363
31.2293
27.8927
30.2638
28.1342
30.8096
29.7474
28.6376
30.6208
26.2173
27.7559
28.8368
29.4791
31.4079
31.2672
30.9111
24.4956
29.8458
30.8936
29.6681
29.1152
32.1372
29.9969
29.3988
29.8097
28.828
28.4404
28.4755
30.3413
30.1987
30.3785
30.7214
27.771
30.6141
26.2257
29.0451
30.4719
29.5096
32.1128
30.6819
27.5446
26.997
32.0115
29.4333
29.9689
29.5266
31.318
28.291
31.01
31.6361
27.3321
29.4611
29.1458
28.0019
31.4485
30.4361
31.299
29.4307
29.193
30.8144
29.4115
31.86
27.5297
31.3647
30.694
28.279
29.8534
29.4679
29.6684
30.4689
31.4402
29.3046
30.1088
29.0812
27.6309
30.0801
30.9103
28.3537
26.3344
26.0013
26.9123
32.9757
31.0453
30.0327
29.5531
30.0516
28.3158
31.3619
30.9207
32.0063
30.2883
30.3885
28.0749
33.0231
30.5
26.7126
28.0391
28.9299
28.9529
33.0791
30.1686
28.7011
27.8651
31.1606
30.1783
30.2849
29.2166
32.8882
32.9379
30.711
30.601
30.8826
31.2175
30.8157
31.7589
30.5293
27.8167
31.1371
32.594
28.2767
29.9812
31.2119
27.9272
27.647
32.4517
28.8952
29.8339
28.7351
32.9247
34.1245
32.9615
31.6328
31.0976
29.4815
32.7837
29.7627
29.5919
29.3841
28.3009
33.5338
30.9457
31.761
32.451
28.6159
29.1456
27.7294
26.496
29.6115
29.1765
30.8498
28.215
31.5258
28.6274
28.2254
31.0345
31.9086
29.5234
30.1237
30.4016
29.011
31.1407
27.8792
32.5828
30.8519
30.0913
30.4265
32.1588
30.8993
28.4695
29.0034
28.0773
30.3236
29.9642
29.8231
29.4894
27.7613
30.143
28.0603
30.7317
34.4647
29.51
32.0474
29.5987
30.0834
29.3627
33.3982
29.0343
30.2565
28.4419
30.1745
29.8822
30.9374
29.3836
30.6797
26.1026
30.1784
29.964
31.5135
29.0902
28.0133
29.0655
26.9733
29.9072
28.6731
30.4142
32.3147
29.4477
31.344
27.8502
29.0891
29.6911
26.607
29.1343
28.211
28.9432
30.1644
26.9069
30.4767
28.9483
27.7851
28.6116
32.25
30.359
28.7081
28.9728
28.2818
31.176
31.0266
32.1817
29.2045
31.3751
26.028
29.2355
31.367
28.7645
31.9411
29.6017
28.8879
29.5245
31.3568
27.8161
31.3159
28.9871
28.1587
30.0587
31.0537
32.424
32.7371
29.0805
30.7434
30.7444
29.9052
29.6866
29.8544
30.0889
29.9563
30.9912
28.9226
32.0994
32.6005
30.3394
29.3003
29.6431
28.5915
31.3844
29.2003
28.457
33.273
27.2798
29.9415
33.0814
29.4836
32.4424
27.2428
27.8214
31.379
29.1312
27.6975
31.0963
31.7829
29.426
29.1736
25.8483
32.1871
31.8883
28.6992
30.2698
31.5024
